# callgrind format
version: 1
creator: callgrind-3.13.0
pid: 851
cmd:  ./main.out
part: 1


desc: I1 cache: 
desc: D1 cache: 
desc: LL cache: 

desc: Timerange: Basic block 0 - 155362
desc: Trigger: Program termination

positions: line
events: Ir
summary: 836425


ob=(4) /lib/x86_64-linux-gnu/libm-2.27.so
fl=(82) /build/glibc-OTsEL5/glibc-2.27/math/../sysdeps/x86_64/fpu/multiarch/ifunc-sse4_1.h
fn=(302) ceil
29 5
fi=(103) /build/glibc-OTsEL5/glibc-2.27/math/../sysdeps/x86_64/fpu/multiarch/s_ceil.c
+1 1
fe=(82)

fn=(324) floor
29 5
fi=(104) /build/glibc-OTsEL5/glibc-2.27/math/../sysdeps/x86_64/fpu/multiarch/s_floor.c
+1 1
fe=(82)

fn=(294) rint
29 5
fi=(105) /build/glibc-OTsEL5/glibc-2.27/math/../sysdeps/x86_64/fpu/multiarch/s_rint.c
+1 1
fe=(82)

ob=(1) /lib/x86_64-linux-gnu/ld-2.27.so
fl=(8) /build/glibc-OTsEL5/glibc-2.27/elf/../sysdeps/x86/cpu-features.c
fn=(24) get_common_indeces.constprop.1
34 2
+4 4
+3 3
+4 1
-4 1
+4 1
-4 1
+3 1
+1 2
+1 4
+1 4
+1 3
+1 2
+7 2
+1 7
+7 3
+4 2
+2 4
+40 2
+4 4
+1 2
+3 1
+7 1
-8 1
+4 1
+2 1
-2 1
+4 2
+3 2
+50 3
74 2
+3 3
+3 1
-3 1
+3 1
+2 3
+2 2
+7 3
-5 3

fl=(44) /build/glibc-OTsEL5/glibc-2.27/misc/../sysdeps/unix/syscall-template.S
fn=(136) mprotect
78 72
+1 18

fn=(350) munmap
78 4
+1 1

fl=(53) /build/glibc-OTsEL5/glibc-2.27/elf/dl-version.c
fn=(170) _dl_check_all_versions
362 5
+2 1
-2 3
+4 3
+2 60
cfn=(172) _dl_check_map_versions
calls=10 156 
* 22348
-2 10
+2 40
-2 20
+5 7

fn=(172)
156 70
+15 30
+2 50
+2 10
+1 10
+2 10
-3 10
+1 10
+2 10
+3 24
-16 8
-8 16
+28 8
-4 8
+4 16
+16 8
37 16
201 8
37 40
201 10
37 20
201 10
37 50
+1 103
-1 206
+2 363
cfi=(36) /build/glibc-OTsEL5/glibc-2.27/elf/dl-misc.c
cfn=(116) _dl_name_match_p
calls=121 282 
* 10727
* 242
209 54
+5 18
-71 54
+71 36
-71 54
+79 18
-2 18
-2 36
+4 18
-4 126
+4 23
-2 23
-2 46
+4 23
-4 181
57 12
+8 12
-8 111
+8 111
+6 123
+16 41
+1 82
+2 41
+5 246
+14 638
+12 834
+4 278
-30 556
225 164
+3 123
+5 23
-11 23
111 41
+3 164
cfi=(21) /build/glibc-OTsEL5/glibc-2.27/string/../sysdeps/x86_64/strcmp.S
cfn=(56) strcmp
calls=41 +30 
* 1943
* 200
237 72
+5 30
-43 10
+52 24
+3 28
+3 42
+3 28
+4 7
-7 28
+3 21
+4 65
-7 260
+3 202
+8 27
+89 90
-83 36
cfi=(19) /build/glibc-OTsEL5/glibc-2.27/elf/dl-minimal.c
cfn=(42) calloc
calls=9 92 
* 243
* 9
+1 9
-2 9
+2 9
+13 9
+2 9
-5 9
+3 9
+2 9
-2 9
+2 9
+3 32
+4 54
+18 23
-15 69
+2 69
-2 54
+2 54
+2 41
+1 41
-1 82
+1 41
-1 41
+1 41
+1 41
-2 41
+2 82
+1 123
+3 123
+8 54
+5 10
-28 10
+33 27
+3 28
+4 72
+6 72
+1 72
+1 72
-1 216
+1 72
-1 72
+1 72
+1 72
+3 216
+4 72
-14 158
+10 21
-96 2
-86 2
-8 2
+94 3

fl=(48) /build/glibc-OTsEL5/glibc-2.27/elf/dl-deps.c
fn=(148) openaux
60 38
+7 19
-4 57
+1 19
-1 19
+1 19
-1 95
cfi=(24) /build/glibc-OTsEL5/glibc-2.27/elf/dl-load.c
cfn=(114) _dl_map_object
calls=19 2080 
* 39741
* 19
+5 38

fn=(146) _dl_map_object_deps
159 1
-1 1
+1 1
-1 5
+1 1
-1 2
+1 1
-1 2
+1 1
-1 1
+1 1
-8 1
+8 2
-8 1
-6 1
+14 1
-8 1
+24 1
-32 1
+1 1
+1 1
+6 1
+24 2
-28 2
-2 1
+31 1
-33 3
+2 2
-1 1
+1 2
+6 3
+24 1
-24 1
+24 1

ob=(4)
fl=(82)
fn=(300) ceilf
29 5
fi=(106) /build/glibc-OTsEL5/glibc-2.27/math/../sysdeps/x86_64/fpu/multiarch/s_ceilf.c
+1 1
fe=(82)

fn=(322) floorf
29 5
fi=(107) /build/glibc-OTsEL5/glibc-2.27/math/../sysdeps/x86_64/fpu/multiarch/s_floorf.c
+1 1
fe=(82)

fn=(332) truncf
29 5
fi=(108) /build/glibc-OTsEL5/glibc-2.27/math/../sysdeps/x86_64/fpu/multiarch/s_truncf.c
+1 1
fe=(82)

fn=(342) trunc
29 5
fi=(109) /build/glibc-OTsEL5/glibc-2.27/math/../sysdeps/x86_64/fpu/multiarch/s_trunc.c
+1 1
fe=(82)

fn=(314) rintf
29 5
fi=(110) /build/glibc-OTsEL5/glibc-2.27/math/../sysdeps/x86_64/fpu/multiarch/s_rintf.c
+1 1
fe=(82)

fl=(78) /build/glibc-OTsEL5/glibc-2.27/math/../sysdeps/x86_64/fpu/multiarch/ifunc-fma.h
fn=(308) log2f@@GLIBC_2.27
30 1
-1 1
+1 2
-1 3
fi=(111) /build/glibc-OTsEL5/glibc-2.27/math/../sysdeps/x86_64/fpu/multiarch/e_log2f.c
-3 1
fe=(78)

fn=(286) expf@@GLIBC_2.27
30 1
-1 1
+1 2
-1 3
fi=(112) /build/glibc-OTsEL5/glibc-2.27/math/../sysdeps/x86_64/fpu/multiarch/e_expf.c
-3 1
fe=(78)

fn=(280) cosf
30 1
-1 1
+1 2
-1 3
fi=(113) /build/glibc-OTsEL5/glibc-2.27/math/../sysdeps/x86_64/fpu/multiarch/s_cosf.c
-3 1
fe=(78)

fn=(292) logf@@GLIBC_2.27
30 1
-1 1
+1 2
-1 3
fi=(114) /build/glibc-OTsEL5/glibc-2.27/math/../sysdeps/x86_64/fpu/multiarch/e_logf.c
-3 1
fe=(78)

fn=(296) sincosf
30 1
-1 1
+1 2
-1 3
fi=(115) /build/glibc-OTsEL5/glibc-2.27/math/../sysdeps/x86_64/fpu/multiarch/s_sincosf.c
-3 1
fe=(78)

ob=(1)
fl=(48)
fn=(146)
175 6
+4 1
+19 1
+2 2
-14 1
-1 1
+13 5
+11 1
+4 4
-4 9
+4 36
+12 30
+2 8
+8 8
-8 8
+6 8
-6 8
+6 8
+1 8
+4 8
-3 8
-3 8
+2 8
+4 32
+66 8
-98 8
+98 8
-66 16
+7 95
cfi=(29) /build/glibc-OTsEL5/glibc-2.27/string/../sysdeps/x86_64/multiarch/../strchr.S
cfn=(84) index
calls=19 24 
* 533
* 38
+4 57
-2 19
+2 19
cfi=(34) /build/glibc-OTsEL5/glibc-2.27/elf/dl-error-skeleton.c
cfn=(108) _dl_catch_exception
calls=19 -74 
* 41033
* 19
+1 38
+9 19
+2 38
+5 8
+6 8
+2 8
-8 16
+3 8
+1 8
+1 8
+1 8
+4 40
+4 38
+1 48
-43 912
+1 456
+44 627
434 16
+2 24
+3 16
-1 8
cfi=(19)
cfn=(46) malloc
calls=8 50 
* 144
* 8
+2 8
-2 8
+2 8
+3 8
+1 32
-1 8
+1 8
cfi=(20) /build/glibc-OTsEL5/glibc-2.27/string/../sysdeps/x86_64/multiarch/memmove-vec-unaligned-erms.S
cfn=(48) memcpy
calls=8 129 
* 88
+1 40
cfi=(20)
cfn=(48)
calls=8 129 
* 88
+4 8
-1 8
+5 76
+7 6
+4 4
+11 3
-1 1
cfi=(19)
cfn=(46)
calls=1 50 
* 18
* 1
+3 1
-3 1
+3 4
+5 1
+1 1
-1 1
+3 2
-3 4
+9 2
+4 3
-10 3
-3 9
+9 18
+4 27
-10 27
+13 2
+51 2
+2 1
-1 1
+1 2
+35 7
cfi=(20)
cfn=(48)
calls=1 129 
* 26
+4 5
cfi=(52) /build/glibc-OTsEL5/glibc-2.27/elf/dl-sort-maps.c
cfn=(164) _dl_sort_maps
calls=1 28 
* 1528
+3 1
+3 1
-1 1
+2 4
+7 3
+3 2
+3 8
225 8
-19 2
434 5
+27 2
214 67
+2 8
+2 32
+2 26
456 27
-1 10
+1 22
199 3
573 18

fl=(6) /build/glibc-OTsEL5/glibc-2.27/elf/dl-lookup.c
fn=(188) _dl_lookup_symbol_x
790 9490
555 949
790 3796
555 2847
-1 1898
+2 949
-1 949
+1 2847
-1 2847
+1 15204
-1 15204
+1 45612
-1 46561
793 949
-1 949
+4 949
+4 949
-8 949
+1 949
+7 2152
+5 2847
+6 2847
-7 10439
+15 152
-8 228
+2 12337
cfn=(190) do_lookup_x
calls=949 338 
* 299105
+3 4669
+25 1898
+24 6377
+31 911
+9 3644
+14 2733
+3 3644
+5 911
+2 8617
-86 228
+17 38
+1 76
+59 2

fn=(190)
338 6643
+1 949
-1 5694
+6 1898
+12 949
+30 949
-41 949
+41 949
+35 1898
-65 4745
+14 10311
+8 6874
+1 10311
+3 3437
+1 6874
+4 6874
+3 6874
-5 3437
+5 10311
+3 24059
-99 2526
540 8406
+1 759
cfi=(36)
cfn=(116)
calls=253 282 
* 18975
* 1012
+3 7584
349 6878
+3 6878
+4 6894
+4 6874
+4 6874
fi=(55) /build/glibc-OTsEL5/glibc-2.27/elf/../sysdeps/generic/ldsodefs.h
102 2733
fe=(6)
503 1822
+3 5684
-60 192
+64 1203
+12 5466
+2 911
+24 7592
-1 76
397 3036
-1 2024
+2 2024
+2 1007
90 3021
375 1007
90 1007
374 1007
90 1007
400 2014
90 2014
413 2997
-10 9550
+2 3644
+2 1822
-1 2733
78 6377
+12 4555
+3 2302
cfi=(21)
cfn=(56)
calls=96 +51 
* 4822
* 288
+5 911
-1 911
+1 911
+2 254
+19 127
+1 1143
+2 18
+1 12
452 9110
148 1568
+2 3920
+30 672
-59 605
cfi=(21)
cfn=(56)
calls=121 +23 
* 5756
* 605

fn=(10) _dl_setup_hash
939 30
+4 10
+4 20
+2 10
-1 10
+3 30
+1 10
+1 10
+3 10
-3 10
+7 10
-4 10
-1 10
+3 10
+2 10
-7 10
+7 10
+1 10

fl=(20)
fn=(74) mempcpy
116 51
+1 51
+1 51
+13 51
+1 51
+1 11
+1 11
+5 5
+1 5
+1 5
+1 5
+5 5
267 40
+1 40
+1 15
+1 15
+1 10
+1 10
+1 8

ob=(4)
fl=(78)
fn=(298) powf@@GLIBC_2.27
30 1
-1 1
+1 2
-1 4

fn=(330) exp2f@@GLIBC_2.27
30 1
-1 1
+1 2
-1 3
fi=(116) /build/glibc-OTsEL5/glibc-2.27/math/../sysdeps/x86_64/fpu/multiarch/e_exp2f.c
-3 1
fe=(78)

fn=(320) sinf
30 1
-1 1
+1 2
-1 3
fi=(117) /build/glibc-OTsEL5/glibc-2.27/math/../sysdeps/x86_64/fpu/multiarch/s_sinf.c
-3 1
fe=(78)

fl=(79) /build/glibc-OTsEL5/glibc-2.27/math/../sysdeps/x86_64/fpu/multiarch/ifunc-avx-fma4.h
fn=(310) __log_finite
33 2
-1 1
+1 2
-1 2
fi=(85) /build/glibc-OTsEL5/glibc-2.27/math/../sysdeps/x86_64/fpu/multiarch/e_log.c
-8 1
fe=(79)

fn=(288) cos
33 2
-1 1
+1 2
-1 2
fi=(81) /build/glibc-OTsEL5/glibc-2.27/math/../sysdeps/x86_64/fpu/multiarch/s_sin.c
+2 1
fe=(79)

fn=(338) sin
33 2
-1 1
+1 2
-1 2
fi=(81)
-5 1
fe=(79)

fn=(334) __atan2_finite
33 2
-1 1
+1 2
-1 2
fi=(87) /build/glibc-OTsEL5/glibc-2.27/math/../sysdeps/x86_64/fpu/multiarch/e_atan2.c
-8 1
fe=(79)

fn=(282) __exp_finite
33 2
-1 1
+1 2
-1 2
fi=(80) /build/glibc-OTsEL5/glibc-2.27/math/../sysdeps/x86_64/fpu/multiarch/e_exp.c
-8 1
fe=(79)

fl=(83) /build/glibc-OTsEL5/glibc-2.27/math/../sysdeps/x86_64/fpu/multiarch/ifunc-fma4.h
fn=(316) __acos_finite
32 2
-1 1
+1 2
-1 2
fi=(86) /build/glibc-OTsEL5/glibc-2.27/math/../sysdeps/x86_64/fpu/multiarch/e_asin.c
+2 1
fe=(83)

fn=(304) __pow_finite
32 2
-1 1
+1 2
-1 2
fi=(84) /build/glibc-OTsEL5/glibc-2.27/math/../sysdeps/x86_64/fpu/multiarch/e_pow.c
-7 1
fe=(83)

fn=(326) __asin_finite
32 2
-1 1
+1 2
-1 2
fi=(86)
-6 1
fe=(83)

ob=(2) ???
fl=(18) ???
fn=(88) 0x0000000004000f00
0 1
cob=(1)
cfi=(19)
cfn=(90) free
calls=1 111 
0 4

fn=(356) 0x0000000006787678
0 2
cob=(5) /lib/x86_64-linux-gnu/libpthread-2.27.so
cfi=(89) /build/glibc-OTsEL5/glibc-2.27/nptl/nptl-init.c
cfn=(358) __pthread_initialize_minimal
calls=1 285 
0 4903
0 2

ob=(1)
fl=(20)
fn=(74)
277 8
+22 25
+1 25
+1 25
+1 25
+1 25
+3 5
+1 5
+1 5
+1 5
+1 5
+3 2
+1 2
+1 2
+1 2
+1 2
+10 6
+1 6
+1 6
+1 6
+22 6
+1 6
+1 6
+1 6
+1 6
+1 6
+1 6
+1 6
+2 6

fn=(48)
129 48
+2 48
+1 48
+1 34
+1 34
+5 18
+1 18
+1 18
+1 18
+5 18
267 14
+1 14
+1 2
+1 2
+1 1
+1 1
+1 1
+1 1
+1 1
+2 1
+22 12
+1 12
+1 12
+1 12
+1 12
+3 1
+1 1
+1 1
+1 1
+1 1
+17 16
+1 16
+1 16
+1 16
+2 1
+1 1
+1 1
+1 1
+1 1
+1 1
+1 1
+1 1
+1 1
+1 1
+1 1
+1 1
+1 1
+1 1
+1 1
+1 1
+2 1
+3 15
+1 15
+1 15
+1 15
+1 15
+1 15
+1 15
+1 15
+2 15

fl=(33) /build/glibc-OTsEL5/glibc-2.27/string/../sysdeps/x86_64/strcspn.S
fn=(100) strcspn
30 1
+7 1
+1 1
+2 1
+1 1
+1 1
+1 1
+1 33
+3 2
+7 1
+1 1
+1 1
+1 1
+2 1
+1 1
+1 1
+1 1
+2 1
+1 1
+1 1
+9 3
+12 1
+2 1
+1 1
+1 1
-4 11
+2 11
+1 11
+1 11
+2 12
+1 12
+1 12
+2 12
+1 12
+1 12
+2 12
+1 12
+1 12
+2 1
+1 1
+1 1
+2 1
+7 1
+4 1

fl=(21)
fn=(56)
144 1297
+1 1297
+2 1297
+1 1297
+21 1297
+1 1297
+1 1132
+1 1132
+1 977
+1 977
+1 977
+1 977
+21 977
+1 977
+1 977
+1 977
+1 977
+1 977
+1 977
+5 21
+1 21
+9 21
+1 21
+1 21
+1 21
+1 21
+1 21
+1 21
+1 21
-7 320
+1 320
+1 320
+1 320
+1 320
+1 320
+1 320
+1 320
+1 271
+1 175
+1 175
+1 175
+2 175
+1 175
+1 175
+1 175
+1 175
+1 175
-5 96
+1 96
+1 96
+1 96
+1 96
+1 96
+10 70
+1 70
+1 70
+2 70
+6 70
+1 70
+1 70
+1 70
+1 70
+5 70
+2 65
+1 65
+1 130
+8 65
+1 65
+3 65
+1 65
+1 65
+1 65
+1 65
+1 65
447 2
+1 2
+1 2
+1 2
+1 2
+2 2
+1 2
+1 2
+1 2
+1 2
+1 2
+1 2
+1 2
+3 2
+1 2
+1 2
+6 2
+1 2
+1 4
+4 2
+1 2
+3 2
+1 2
+1 2
+3 2
+1 2
+1 2
+6 2
+1 2
+1 2
+1 2
+1 2
+1 2
821 7
+1 7
+1 7
+1 7
+1 7
+2 7
+1 7
+1 7
+1 7
+1 7
+1 7
+1 7
+1 7
+4 7
+1 7
+1 7
+6 7
+1 7
+1 14
+4 7
+1 7
+3 7
+1 7
+1 7
+3 7
+1 7
+1 7
+6 7
+1 7
+1 7
+1 7
+1 7
+1 7
+72 6
+1 6
+1 6
+1 6
+1 6
+2 6
+1 6
+1 6
+1 6
+1 6
+1 6
+1 6
+1 3
+4 3
+1 3
+1 3
+6 3
+1 3
+1 6
+4 3
+1 3
+3 3
+1 3
+1 3
+3 3
+1 3
+1 3
+6 3
+1 3
+1 3
+1 3
+1 3
+1 3
+72 47
+1 47
+1 47
+1 47
+1 47
+2 47
+1 47
+1 47
+1 47
+1 47
+1 47
+1 47
+1 6
+4 6
+1 6
+1 6
+6 6
+1 6
+1 12
+4 6
+1 6
+3 6
+1 6
+1 6
+3 6
+1 6
+1 6
+6 6
+1 6
+1 6
+1 6
+1 6
+1 6
+7 1
+1 1
+2 1
+1 1
+2 1
+1 1
+1 1
+3 1
+1 1
+1 1
+6 1
+1 1
+1 1
+1 1
+1 1
+1 1
+41 12
+1 12
+1 12
+1 12
+1 12
+2 12
+1 12
+1 12
+1 12
+1 12
+1 12
+1 12
+1 4
+4 4
+1 4
+1 4
+6 4
+1 4
+1 8
+4 4
+1 4
+3 4
+1 4
+1 4
+3 4
+1 4
+1 4
+6 4
+1 4
+1 4
+1 4
+1 4
+1 4
+72 35
+1 35
+1 35
+1 35
+1 35
+2 35
+1 35
+1 35
+1 35
+1 35
+1 35
+1 35
+1 23
+4 23
+1 23
+1 23
+6 23
+1 23
+1 46
+4 23
+1 23
+3 23
+1 23
+1 23
+3 23
+1 23
+1 23
+6 23
+1 23
+1 23
+1 23
+1 23
+1 23
+72 3
+1 3
+1 3
+1 3
+1 3
+2 3
+1 3
+1 3
+1 3
+1 3
+1 3
+1 3
+1 3
+4 3
+1 3
+1 3
+6 3
+1 3
+1 6
+4 3
+1 3
+3 3
+1 3
+1 3
+3 3
+1 3
+1 3
+6 3
+1 3
+1 3
+1 3
+1 3
+1 3
+72 33
+1 33
+1 33
+1 33
+1 33
+2 33
+1 33
+1 33
+1 33
+1 33
+1 33
+1 33
+1 8
+4 8
+1 8
+1 8
+6 8
+1 8
+1 16
+4 8
+1 8
+3 8
+1 8
+1 8
+3 8
+1 8
+1 8
+6 8
+1 8
+1 8
+1 8
+1 8
+1 8
+72 13
+1 13
+1 13
+1 13
+1 13
+2 13
+1 13
+1 13
+1 13
+1 13
+1 13
+1 13
+1 9
+4 9
+1 9
+1 9
+6 9
+1 9
+1 18
+4 9
+1 9
+3 9
+1 9
+1 9
+3 9
+1 9
+1 9
+6 9
+1 9
+1 9
+1 9
+1 9
+1 9
+7 2
+1 2
+2 2
+1 2
+2 2
+1 2
+1 2
+3 2
+1 2
+1 2
+6 2
+1 2
+1 2
+1 2
+1 2
+1 2
+41 32
+1 32
+1 32
+1 32
+1 32
+2 32
+1 32
+1 32
+1 32
+1 32
+1 32
+1 32
+1 15
+4 15
+1 15
+1 15
+6 15
+1 15
+1 30
+4 15
+1 15
+3 15
+1 15
+1 15
+3 15
+1 15
+1 15
+6 15
+1 15
+1 15
+1 15
+1 15
+1 15
+7 2
+1 2
+2 2
+1 2
+2 2
+1 2
+1 2
+3 2
+1 2
+1 2
+6 2
+1 2
+1 2
+1 2
+1 2
+1 2
+41 25
+1 25
+1 25
+1 25
+1 25
+2 25
+1 25
+1 25
+1 25
+1 25
+1 25
+1 25
+1 13
+4 13
+1 13
+1 13
+6 13
+1 13
+1 26
+4 13
+1 13
+3 13
+1 13
+1 13
+3 13
+1 13
+1 13
+6 13
+1 13
+1 13
+1 13
+1 13
+1 13
+72 56
+1 56
+1 56
+1 56
+1 56
+2 56
+1 56
+1 56
+1 56
+1 56
+1 56
+1 56
+2 13
+4 13
+1 13
+1 13
+6 13
+1 13
+2 26
+4 13
+1 13
+3 13
+1 13
+1 13
+3 13
+1 13
+1 13
+6 13
+1 13
+1 13
+1 13
+1 13
+1 13
+7 3
+1 3
+2 3
+1 3
+2 3
+1 3
+1 3
+3 3
+1 3
+1 3
+6 3
+1 3
+1 3
+1 3
+1 3
+1 3
+43 171
+2 171
+1 171
+1 171
+1 171
-3 170
+1 170
+1 170
+1 170
+1 525
+5 175
+6 175
+1 175
+8 175
+1 175
-16 1122
+6 1122
+1 1122
+8 1122
+1 1122

fl=(11) /build/glibc-OTsEL5/glibc-2.27/elf/../sysdeps/unix/sysv/linux/dl-sysdep.c
fn=(62) _dl_discover_osversion
45 4
+2 3
+85 5
-45 3
cfi=(23) /build/glibc-OTsEL5/glibc-2.27/posix/../sysdeps/unix/syscall-template.S
cfn=(64) uname
calls=1 -9 
* 5
* 1
+15 1
-15 1
+20 1
-1 1
+3 12
+4 3
-2 6
+2 9
+7 3
-1 3
+4 3
-2 3
+2 10
+5 2

fl=(1) ???
fn=(0) 0x0000000000001090
0 2
cfi=(2) /build/glibc-OTsEL5/glibc-2.27/elf/rtld.c
cfn=(2) _dl_start
calls=1 444 
0 722494
0 14
cfi=(88) /build/glibc-OTsEL5/glibc-2.27/elf/dl-init.c
cfn=(354) _dl_init
calls=1 79 
0 113915

fl=(28) /build/glibc-OTsEL5/glibc-2.27/string/../sysdeps/x86_64/multiarch/memset-vec-unaligned-erms.S
fn=(76) memset
109 115
+2 23
+1 23
+1 14
+1 14
+2 6
+1 6
+2 6
+55 8
+1 8
+7 1
+3 8
+1 8
+1 8
+1 8
+1 8
+1 8
+1 8
+1 8
+1 8
+1 8
+1 8
+1 8
+1 8
+1 8
+2 142
+1 142
+1 142
+1 142
+1 142
+1 142
+1 142
+1 7
+15 9
+1 9
+1 9
+1 3
+1 3
+1 1
+1 1
+24 6
+1 6
+2 6
+3 2
+1 2
+2 2
+3 1
+1 1
+2 1

fl=(19)
fn=(42)
92 20
+8 20
-1 40
-3 20
+4 40
+3 20
cfn=(46)
calls=20 -53 
* 488
* 20

fn=(80) strsep
265 4
+2 2
+1 4
+4 33
+7 84
-2 56
+13 1
+4 2
-7 14
-15 44

fn=(90)
111 4

fn=(46)
50 207
+11 102
+3 51
-3 51
+3 102
-3 2
+3 1
-3 1
+3 198
-15 9
+20 12
+1 6
+2 3
+1 24
cfi=(42) /build/glibc-OTsEL5/glibc-2.27/misc/../sysdeps/unix/sysv/linux/mmap64.c
cfn=(132) mmap
calls=3 -29 
* 105
+2 6
+2 9
+2 3
+3 3
-3 6
+4 3
+2 15
-2 49
-1 49
+3 98
-29 1
-1 1
+1 1
+1 2
-2 6

fl=(42)
fn=(132)
44 46
+3 23
-6 276
+6 23
+5 230
+2 161
-7 40

fl=(35) /build/glibc-OTsEL5/glibc-2.27/setjmp/../sysdeps/x86_64/setjmp.S
fn=(110) __sigsetjmp
26 20
+9 20
+1 40
+1 20
+4 20
+1 20
+1 20
+1 20
+1 20
+2 40
+2 20
+1 20
+1 20
+2 40
+2 20
+4 20
+1 20

fl=(7) /build/glibc-OTsEL5/glibc-2.27/elf/../elf/dl-sysdep.c
fn=(12) _dl_sysdep_start
88 8
+25 1
-1 1
+1 76
+6 1
-3 1
+1 1
-4 1
+3 1
+3 4
+1 2
-1 12
-29 1
-1 10
+30 2
+1 105
+3 1
-4 70
+62 1
-62 1
+63 1
-1 1
-62 3
+34 1
-34 2
+35 1
-35 2
+46 1
-46 1
+47 1
-1 1
-46 3
+40 1
-40 1
+41 1
-1 1
-40 3
+37 1
-37 2
+38 1
-38 3
+13 1
-13 2
+14 1
-14 2
+10 1
-10 2
+11 1
-11 2
+7 1
-7 4
224 1
cfi=(9) /build/glibc-OTsEL5/glibc-2.27/elf/dl-tunables.c
cfn=(16) __GI___tunables_init
calls=1 +65 
* 7870
fi=(11)
35 2
cfi=(12) /build/glibc-OTsEL5/glibc-2.27/elf/../sysdeps/unix/sysv/linux/x86_64/brk.c
cfn=(22) brk
calls=1 -4 
* 11
fi=(8)
196 1
-12 1
+1 1
+11 1
+3 1
-3 1
+3 5
366 3
+1 1
+3 2
+1 1
+6 1
+5 2
-3 1
+3 1
-4 1
+4 1
cfi=(9)
cfn=(26) __tunable_get_val
calls=1 -9 
* 16
+2 4
cfi=(9)
cfn=(26)
calls=1 -11 
* 18
* 1
+2 3
-2 1
+2 1
cfi=(9)
cfn=(26)
calls=1 -13 
* 18
* 1
+2 3
-2 1
+2 1
cfi=(9)
cfn=(26)
calls=1 -15 
* 18
+12 1
-12 1
+11 1
-11 1
+12 1
fe=(7)
236 1
cfi=(13) /build/glibc-OTsEL5/glibc-2.27/string/../sysdeps/x86_64/multiarch/../strlen.S
cfn=(28) strlen
calls=1 79 
* 16
* 1
+2 2
cfi=(14) /build/glibc-OTsEL5/glibc-2.27/elf/../misc/sbrk.c
cfn=(30) sbrk
calls=1 32 
* 17
* 3
+12 3
+3 5
cfi=(2)
cfn=(32) dl_main
calls=1 870 
* 712912
+1 1
+1 8
fi=(8)
404 3
+28 2
-9 3
+2 4
+3 4
+1 2
205 6
cfn=(24)
calls=1 34 
* 87
+3 3
+97 4
+7 4
203 1
312 4
210 5
+1 7
+85 3
-79 2
fe=(7)

fn=(346) _dl_sysdep_start_cleanup
260 1

fl=(9)
fn=(26)
373 102
+4 17
-4 66
+9 5
+1 5
-6 12
+22 85
+2 17

fn=(16)
289 8
-9 3
150 4
-82 71
+6 22
-3 22
+3 1251
+4 44
+5 22
297 22
83 22
297 22
fi=(10) /build/glibc-OTsEL5/glibc-2.27/elf/dl-tunables.h
121 44
-1 10
+1 4
-1 8
+1 32
-1 40
fe=(9)
330 88
-12 2420
fi=(10)
120 792
+1 843
-1 66
fe=(9)
312 1958
68 44
364 8

fl=(16) /build/glibc-OTsEL5/glibc-2.27/string/../sysdeps/x86_64/memcmp.S
fn=(36) bcmp
24 2
+1 2
+1 2
+1 2
+1 2
+1 2
+1 2
+1 2
+3 2
+1 2
+1 1
+1 1
+1 1
+1 1
+1 1
+1 1
+1 1
+2 2
+1 2
+1 1
+1 1
+1 1
+1 1
+1 1
+1 1
+1 1
+2 2
+1 2
+1 2
+1 2
+1 2
+1 2
+1 1
+1 1
+1 1
+2 1
+1 1
+1 1
+1 1
+1 1
+1 1
+29 2
+1 2
+15 2
+1 2

fl=(12)
fn=(22)
31 7
+8 1
-6 2
+7 1

fl=(31) /build/glibc-OTsEL5/glibc-2.27/elf/dl-debug.c
fn=(92) _dl_debug_initialize
49 20
+5 18
+5 2
-1 1
+1 2
+1 2
-1 1
+5 1
-14 10
+4 20
+4 1
-1 1
+1 10

fn=(96) _dl_debug_state
74 2

fl=(2)
fn=(98) handle_ld_preload
837 8
+1 1
-1 1
-75 1
+86 1
-86 4
+80 2
+3 3
cfi=(33)
cfn=(100)
calls=1 30 
* 218
* 1
+1 3
+9 1
121 1
857 2
121 2
859 2
-97 5
-10 1
+4 1
+1 1
+1 1
+2 1
+2 1
cfi=(34)
cfn=(104) _dl_catch_error
calls=1 213 
* 2201
* 1
+1 3
+8 4
+71 2
+21 9
-15 4
cfi=(20)
cfn=(48)
calls=1 129 
* 18
+1 2

fn=(174) init_tls
687 1
-6 1
+2 2
+4 1
+10 4
cfi=(19)
cfn=(42)
calls=1 92 
* 27
* 1
+11 1
-15 1
+3 1
+6 1
+2 1
-11 1
+15 1
+2 1
-1 1
+1 33
+2 20
+4 2
+2 2
-2 2
-5 20
+9 2
+3 1
cfi=(32) /build/glibc-OTsEL5/glibc-2.27/elf/../elf/dl-tls.c
cfn=(176) _dl_determine_tlsoffset
calls=1 141 
* 101
+7 1
cfi=(32)
cfn=(178) _dl_allocate_tls_storage
calls=1 332 
* 437
+1 1
-1 1
+1 1
+6 1
+3 1
-3 1
+3 6
+3 1
+2 1
+1 3

fn=(52) rtld_lock_default_lock_recursive
784 9
+1 9

fn=(112) map_doit
588 1
+2 1
-2 1
+3 2
-1 3
+1 3
cfi=(24)
cfn=(114)
calls=1 2080 
* 2113
* 1
+2 2

fn=(2)
444 9
+19 4
fi=(3) /build/glibc-OTsEL5/glibc-2.27/elf/get-dynamic-info.h
48 1
fe=(2)
463 1
fi=(5) /build/glibc-OTsEL5/glibc-2.27/elf/../sysdeps/x86_64/dl-machine.h
59 3
fi=(3)
-11 1
fe=(2)
489 1
-3 1
fi=(3)
48 1
+25 2
-3 1
-7 1
+5 1
+3 1
+2 1
-6 1
+3 1
-3 2
-3 16
+10 4
-26 12
+16 13
+10 13
-26 39
+26 1
-26 3
+2 36
+13 20
+2 4
+16 2
+20 4
+1 4
+1 4
+1 4
+2 4
+5 4
+1 4
+1 4
+6 3
+5 2
+7 3
+1 3
+8 3
+3 3
+4 2
+1 2
fe=(2)
500 2
393 1
507 1
393 1
cfi=(6)
cfn=(10)
calls=1 939 
* 23
+1 2
+1 2
+1 2
+1 2
+8 1
+9 1
-9 3
+9 1
-6 1
-3 1
+9 1
cfi=(7)
cfn=(12)
calls=1 88 
* 721462
* 1
+9 4
+3 1
+4 1
-4 1
+4 1
532 9
-27 27
fi=(4) /build/glibc-OTsEL5/glibc-2.27/elf/do-rel.h
84 1
+27 1
-28 1
+28 2
+1 2
fi=(5)
540 2
fi=(4)
112 76
fi=(5)
540 76
+1 39
fi=(4)
111 39
fi=(5)
541 39
fi=(4)
111 39
fi=(5)
541 39
fi=(4)
111 39
+5 2
+8 1
fi=(5)
335 1
+87 1
fi=(4)
124 2
+12 1
+3 1
-3 1
+3 1
-3 1
fi=(5)
301 1
fi=(4)
137 1
fi=(5)
301 1
fi=(4)
137 1
fi=(5)
301 1
fi=(4)
136 8
+3 8
-3 8
+3 8
-3 8
fi=(5)
301 8
fi=(4)
137 8
fi=(5)
301 8
fi=(4)
137 8
fi=(5)
301 8
+9 27
+3 9
-3 18
+3 27
+22 54
fi=(3)
68 4
fi=(4)
+56 28
fi=(5)
354 27
fi=(3)
71 4
+1 1
+1 2
fe=(2)

fn=(32)
870 1
+17 1
-17 10
+17 1
+4 1
-21 1
2471 1
891 1
+1 1
2466 1
892 1
+5 1
2471 1
897 1
2464 2
+7 3
-4 1
+4 3
+2 2
cfi=(15) /build/glibc-OTsEL5/glibc-2.27/elf/dl-environ.c
cfn=(34) _dl_next_ld_env_entry
calls=1 29 
* 34
* 4
cfi=(15)
cfn=(34)
calls=2 29 
* 130
* 9
+4 6
-2 2
+2 42
+1 19
-1 57
+3 4
+6 14
+76 3
+1 4
cfi=(16)
cfn=(36)
calls=1 24 
* 31
* 2
-56 2
+7 4
cfi=(16)
cfn=(36)
calls=1 24 
* 36
* 2
+2 3
2635 3
+32 3
907 3
1108 7
cfi=(17) /build/glibc-OTsEL5/glibc-2.27/elf/dl-object.c
cfn=(38) _dl_new_object
calls=1 59 
* 230
+2 1
-2 1
+2 1
+1 1
+1 1
+5 2
-5 1
+1 2
+4 1
cfi=(17)
cfn=(50) _dl_add_to_namespace_list
calls=1 31 
* 33
+1 2
879 1
1147 1
-3 1
-5 1
+1 1
+2 1
+5 5
+56 2
876 1
1166 1
+22 1
+15 2
-55 24
-1 27
+1 47
1250 3
+3 2
+2 2
+2 3
+13 3
+3 2
-2 1
+2 1
-2 3
cfi=(21)
cfn=(56)
calls=1 144 
* 50
* 2
+7 1
+3 1
-5 1
+3 1
-3 1
+5 1
+1 2
+4 2
+2 2
fi=(3)
33 1
+9 2
+6 1
-2 1
+2 2
+15 1
+5 1
+3 1
+2 1
-3 1
-3 1
-3 1
-14 60
+13 24
+1 20
+10 5
-26 15
+16 24
+10 24
-26 72
+26 1
-26 3
+33 3
+20 3
+1 4
+1 4
+1 4
+2 4
+5 4
+1 4
+1 4
+6 3
+5 2
+7 2
+1 3
+18 3
+5 1
+2 1
-2 1
+2 1
+2 2
+2 2
+1 1
+2 3
+10 1
-8 3
+8 1
+5 2
+1 2
+2 2
fe=(2)
1293 2
cfi=(6)
cfn=(10)
calls=1 939 
* 23
+3 2
fi=(22) /build/glibc-OTsEL5/glibc-2.27/elf/setup-vdso.h
24 2
fe=(2)
1318 1
cfi=(11)
cfn=(62)
calls=1 45 
* 79
* 9
-6 5
1167 2
+9 1
-7 1
-3 1
+10 1
+18 2
-37 3
+1 1
-6 3
+1 1
fi=(3)
65 4
+3 4
fe=(2)
1203 2
-1 2
+1 4
-1 2
+2 4
+1 1
+3 2
+1 2
-1 2
+1 2
+1 2
+1 6
+1 2
+31 2
+1 2
+1 1
-6 2
+1 1
fi=(3)
71 4
+1 1
+1 3
fe=(2)
1323 2
cfi=(24)
cfn=(66) _dl_init_paths
calls=1 623 
* 1740
+3 3
cfi=(31)
cfn=(92)
calls=1 49 
* 17
+7 1
-7 1
+2 1
+5 1
+3 3
+1 1
+3 1
-3 3
+1 2
+3 1
+5 1
-7 1
+7 1
+1 5
+17 2
+1 2
+5 1
-3 3
+2 1
+1 2
+5 2
+1 5
-1 2
+3 2
+1 2
+5 2
+6 4
+1 1
-2 1
885 1
1391 1
1570 1
cfi=(32)
cfn=(94) _dl_count_modids
calls=1 113 
* 4
* 1
+8 3
+3 2
+4 3
+5 2
+1 1
cfi=(31)
cfn=(96)
calls=1 74 
* 1
+1 1
+4 2
+15 3
+4 1
-2 1
+2 2
+2 3
+1 1
-1 2
+1 1
cfn=(98)
calls=1 837 
* 2506
* 1
+1 4
+2 2
+10 3
cfi=(47) /build/glibc-OTsEL5/glibc-2.27/io/../sysdeps/unix/sysv/linux/access.c
cfn=(144) access
calls=1 27 
* 8
* 2
+77 1
-96 1
+96 3
+17 3
+1 1
-1 1
+1 2
-1 1
+1 5
cfi=(48)
cfn=(146)
calls=1 159 
* 46972
+1 4
+5 1
-3 2
+3 2
+1 7
-1 2
+1 27
-1 18
+4 3
+1 3
+1 1
+2 2
+1 5
-1 10
+1 24
-1 24
+47 2
+2 2
-1 1
-1 2
+2 4
cfi=(34)
cfn=(166) _dl_receive_error
calls=1 226 
* 22522
+10 1
+1 1
-1 1
+1 1
+1 1
cfn=(174)
calls=1 687 
* 684
* 1
+2 2
799 1
fi=(118) /build/glibc-OTsEL5/glibc-2.27/elf/../sysdeps/unix/sysv/linux/dl-osinfo.h
64 2
fe=(2)
801 1
fi=(118)
77 1
fe=(2)
810 1
+7 1
-5 1
1808 2
2038 3
2161 3
+7 1
+2 3
+1 1
-1 2
+2 22
+2 10
-2 20
+2 10
+5 20
+2 20
+6 10
+2 20
+1 72
cfi=(54) /build/glibc-OTsEL5/glibc-2.27/elf/dl-reloc.c
cfn=(180) _dl_relocate_object
calls=9 148 
* 629421
+4 24
+1 4
cfi=(32)
cfn=(278) _dl_add_to_slotinfo
calls=2 887 
* 40
* 2
-12 1
+1 1
-3 2
+29 4
+2 1
+7 3
cfi=(32)
cfn=(344) _dl_allocate_tls_init
calls=1 437 
* 237
+3 2
-25 4
+2 2
+6 1
-6 1
+6 1
+26 3
+2 4
+15 1
+2 1
-2 2
+3 1
-3 1
+3 1
-3 1
+3 3
cfi=(54)
cfn=(180)
calls=1 148 
* 6622
+1 4
+2 2
+8 1
cfi=(7)
cfn=(346)
calls=1 260 
* 1
+4 2
+20 3
cfi=(31)
cfn=(92)
calls=1 49 
* 8
+1 1
-1 1
+2 1
cfi=(31)
cfn=(96)
calls=1 74 
* 1
+1 1
+4 1
cfi=(50) /build/glibc-OTsEL5/glibc-2.27/elf/dl-cache.c
cfn=(348) _dl_unload_cache
calls=1 326 
* 15
+5 8
2094 1
+13 1
-9 1
-4 1
+10 1
-6 1
+6 1
+3 1
1753 1
+1 1
-1 2
+1 1
+2 1
+2 3
+2 1
-4 1
+4 2
+14 4
+1 2
+1 3
-64 5
+1 1
-1 3
+4 3
+1 1
+1 2
+1 2
+32 2
2565 3

fn=(54) rtld_lock_default_unlock_recursive
790 9
+1 9

fn=(168) version_check_doit
621 2
+2 4
cfi=(53)
cfn=(170)
calls=1 362 
* 22497
* 2
+4 2

fl=(34)
fn=(104)
213 6
+2 2
-2 1
+2 2
cfn=(108)
calls=1 -40 
* 2178
* 1
+1 2
+1 1
+1 1
-1 1
+1 1
+2 5

fn=(166)
226 3
+1 1
+1 1
+3 1
+1 1
+2 2
cfi=(2)
cfn=(168)
calls=1 621 
* 22507
+2 1
+1 1
+1 4

fn=(108)
175 40
+15 20
-3 40
+4 20
-3 20
-13 20
+19 20
-3 20
+3 20
-19 20
+13 20
+2 20
+4 20
cfi=(35)
cfn=(110)
calls=20 26 
* 400
* 60
+2 60
cfi=(48)
cfn=(148)
calls=19 60 
* 40064
cfi=(2)
cfn=(112)
calls=1 588 
* 2127
+2 20
-1 20
+1 40
-1 20
+1 20
+9 80

fl=(15)
fn=(34)
29 3
+3 10
+13 20
-13 60
+2 44
+1 18
+5 2
-3 2
+3 2
+2 2
+7 1

fl=(54)
fn=(180)
148 100
+15 10
-15 20
+15 10
+1 50
+6 30
+6 40
+1 20
-19 18
+22 18
+7 10
-32 10
+32 10
+44 10
fi=(5)
76 10
fe=(54)
231 20
fi=(5)
76 30
fe=(54)
258 386
-99 8
fi=(5)
481 24
fe=(54)
159 16
+99 8
fi=(4)
48 8
fe=(54)
258 8
fi=(4)
47 8
+11 8
-11 8
+11 8
-11 8
+11 8
fe=(54)
258 2
-99 2
fi=(5)
481 6
fe=(54)
159 4
+99 2
fi=(4)
48 2
fe=(54)
258 2
fi=(4)
47 2
+11 2
-11 2
+11 2
-11 2
+11 2
fe=(54)
258 10
fi=(4)
48 10
fe=(54)
258 10
fi=(4)
47 10
+11 10
-11 10
+11 10
-11 10
+11 10
+26 12
+14 24
-15 24
+3 48
+12 12
+10 20
+10 36
+6 11
-3 22
+3 11
fi=(5)
491 9
fi=(4)
51 9
fi=(5)
491 9
fi=(4)
50 18
+77 3844
+12 1922
-3 2883
fi=(5)
276 961
fi=(4)
139 961
-2 961
-1 961
+1 961
+1 961
-1 1922
fi=(5)
276 961
+21 1922
+4 1922
+7 3844
fi=(55)
102 2823
fi=(5)
308 19317
fi=(4)
138 936
fi=(5)
308 1872
fi=(4)
138 936
fi=(5)
308 936
fi=(4)
138 936
fi=(5)
308 1872
fi=(4)
138 2
fi=(5)
308 4
fi=(4)
138 2
fi=(5)
308 2
fi=(4)
138 2
fi=(5)
308 11260
cfi=(6)
cfn=(188)
calls=938 790 
* 508125
* 5628
+2 2823
+25 5766
fi=(4)
74 16
+1 14
+1 126
fi=(5)
551 63
+24 126
+2 63
cob=(4)
cfi=(82)
cfn=(342)
calls=1 29 
* 6
cob=(4)
cfi=(79)
cfn=(338)
calls=1 33 
* 8
cob=(4)
cfi=(79)
cfn=(334)
calls=1 33 
* 8
cob=(4)
cfi=(82)
cfn=(332)
calls=1 29 
* 6
cob=(4)
cfi=(78)
cfn=(330)
calls=1 30 
* 8
cob=(4)
cfi=(83)
cfn=(326)
calls=1 32 
* 8
cob=(4)
cfi=(82)
cfn=(324)
calls=1 29 
* 6
cob=(4)
cfi=(82)
cfn=(322)
calls=1 29 
* 6
cob=(4)
cfi=(78)
cfn=(320)
calls=1 30 
* 8
cob=(4)
cfi=(83)
cfn=(316)
calls=1 32 
* 8
cob=(4)
cfi=(82)
cfn=(314)
calls=1 29 
* 6
cob=(4)
cfi=(79)
cfn=(310)
calls=1 33 
* 8
cob=(4)
cfi=(78)
cfn=(308)
calls=1 30 
* 8
cob=(4)
cfi=(83)
cfn=(304)
calls=1 32 
* 8
cob=(4)
cfi=(82)
cfn=(302)
calls=1 29 
* 6
cob=(4)
cfi=(82)
cfn=(300)
calls=1 29 
* 6
cob=(4)
cfi=(78)
cfn=(298)
calls=1 30 
* 8
cob=(4)
cfi=(78)
cfn=(296)
calls=1 30 
* 8
cob=(4)
cfi=(82)
cfn=(294)
calls=1 29 
* 6
cob=(4)
cfi=(78)
cfn=(292)
calls=1 30 
* 8
cob=(4)
cfi=(79)
cfn=(288)
calls=1 33 
* 8
cob=(4)
cfi=(78)
cfn=(286)
calls=1 30 
* 8
cob=(4)
cfi=(79)
cfn=(282)
calls=1 33 
* 8
cob=(4)
cfi=(78)
cfn=(280)
calls=1 30 
* 8
cob=(3) /lib/x86_64-linux-gnu/libc-2.27.so
cfi=(77) /build/glibc-OTsEL5/glibc-2.27/time/../sysdeps/unix/sysv/linux/x86/gettimeofday.c
cfn=(274) gettimeofday
calls=1 42 
* 77
cob=(3)
cfi=(58) /build/glibc-OTsEL5/glibc-2.27/string/../sysdeps/x86_64/multiarch/ifunc-strcasecmp.h
cfn=(270) strncasecmp_l
calls=1 32 
* 6
cob=(3)
cfi=(60) /build/glibc-OTsEL5/glibc-2.27/string/../sysdeps/x86_64/multiarch/ifunc-avx2.h
cfn=(268) strchrnul
calls=1 32 
* 8
cob=(3)
cfi=(57) /build/glibc-OTsEL5/glibc-2.27/string/../sysdeps/x86_64/multiarch/ifunc-unaligned-ssse3.h
cfn=(266) stpcpy
calls=1 33 
* 9
cob=(3)
cfi=(57)
cfn=(264) stpncpy
calls=1 33 
* 9
cob=(3)
cfi=(70) /build/glibc-OTsEL5/glibc-2.27/string/../sysdeps/x86_64/multiarch/ifunc-sse4_2.h
cfn=(262) strspn
calls=1 30 
* 6
cob=(3)
cfi=(64) /build/glibc-OTsEL5/glibc-2.27/wcsmbs/../sysdeps/x86_64/multiarch/ifunc-avx2.h
cfn=(260) wcslen
calls=1 32 
* 8
cob=(3)
cfi=(60)
cfn=(258) memchr
calls=1 32 
* 8
cob=(3)
cfi=(58)
cfn=(254) strcasecmp_l
calls=1 32 
* 6
cob=(3)
cfi=(60)
cfn=(252) memrchr
calls=1 32 
* 8
cob=(3)
cfi=(60)
cfn=(250) strlen
calls=1 32 
* 8
cob=(3)
cfi=(74) /build/glibc-OTsEL5/glibc-2.27/string/../sysdeps/x86_64/multiarch/strchr.c
cfn=(248) index
calls=1 40 
* 8
cob=(3)
cfi=(70)
cfn=(246) strpbrk
calls=1 30 
* 6
cob=(3)
cfi=(73) /build/glibc-OTsEL5/glibc-2.27/wcsmbs/../sysdeps/x86_64/multiarch/ifunc-wmemset.h
cfn=(244) wmemset
calls=2 32 
* 26
cob=(3)
cfi=(72) /build/glibc-OTsEL5/glibc-2.27/wcsmbs/../sysdeps/x86_64/multiarch/wcsnlen.c
cfn=(242) wcsnlen
calls=1 40 
* 7
cob=(3)
cfi=(56) /build/glibc-OTsEL5/glibc-2.27/string/../sysdeps/x86_64/multiarch/ifunc-memmove.h
cfn=(240) memcpy@@GLIBC_2.14
calls=1 44 
* 16
cob=(3)
cfi=(57)
cfn=(238) strcpy
calls=1 33 
* 9
cob=(3)
cfi=(58)
cfn=(234) strncasecmp
calls=1 32 
* 6
cob=(3)
cfi=(70)
cfn=(232) strcspn
calls=1 30 
* 6
cob=(3)
cfi=(60)
cfn=(230) strnlen
calls=2 32 
* 16
cob=(3)
cfi=(64)
cfn=(228) wcschr
calls=2 32 
* 16
cob=(3)
cfi=(69) /build/glibc-OTsEL5/glibc-2.27/string/../sysdeps/x86_64/multiarch/ifunc-memset.h
cfn=(226) memset
calls=1 42 
* 18
cob=(3)
cfi=(68) /build/glibc-OTsEL5/glibc-2.27/string/../sysdeps/x86_64/multiarch/strcmp.c
cfn=(224) strcmp
calls=1 38 
* 9
cob=(3)
cfi=(67) /build/glibc-OTsEL5/glibc-2.27/string/../sysdeps/x86_64/multiarch/strncmp.c
cfn=(222) strncmp
calls=1 38 
* 8
cob=(3)
cfi=(65) /build/glibc-OTsEL5/glibc-2.27/string/../sysdeps/x86_64/multiarch/ifunc-memcmp.h
cfn=(218) bcmp
calls=1 33 
* 13
cob=(3)
cfi=(56)
cfn=(216) mempcpy
calls=1 44 
* 16
cob=(3)
cfi=(64)
cfn=(214) wmemchr
calls=2 32 
* 16
cob=(3)
cfi=(60)
cfn=(212) rawmemchr
calls=1 32 
* 8
cob=(3)
cfi=(61) /build/glibc-OTsEL5/glibc-2.27/time/../sysdeps/unix/sysv/linux/x86/time.c
cfn=(206) time
calls=1 43 
* 77
cob=(3)
cfi=(60)
cfn=(204) rindex
calls=1 32 
* 8
cob=(3)
cfi=(57)
cfn=(202) strcat
calls=1 33 
* 9
cob=(3)
cfi=(58)
cfn=(198) strcasecmp
calls=1 32 
* 6
cob=(3)
cfi=(57)
cfn=(196) strncpy
calls=1 33 
* 9
cob=(3)
cfi=(56)
cfn=(194) memmove
calls=2 44 
* 32
-26 63
+27 63
fi=(4)
75 197
fe=(54)
258 4
fi=(4)
75 36
fe=(54)
258 36
+3 40
+24 10
+3 20
+17 30
+8 50
+3 10
-3 10
+3 10
+4 20
+1 30
cfi=(44)
cfn=(136)
calls=10 78 
* 50
* 20
-14 80
fi=(5)
131 24
458 3736
fi=(4)
124 2883
+19 45
fi=(5)
430 72
+4 96
+5 24
+9 24
-9 48
+9 48
-80 2
+1 4
497 6
+4 12
cfi=(20)
cfn=(48)
calls=2 129 
* 22
+2 6
+1 2
308 40
+5 20
-3 40
+3 966
-3 1812
+3 2718
-5 111
fi=(4)
61 16
-10 8
-1 16
fi=(5)
551 680
+4 680
+2 1020
+1 340
fi=(4)
61 1209
+2 1612
+2 193
+46 21
fi=(5)
541 1701
fi=(4)
111 1701
fi=(5)
541 1701
fi=(4)
111 1701
fi=(5)
541 1701
fi=(4)
111 1701
fi=(5)
535 1701
fi=(4)
112 3402
fi=(5)
535 3402
+5 3402
fi=(4)
50 1
160 1
51 1
160 4
+2 20
+9 10
-1 5
+1 5
-1 10
fi=(5)
276 5
fi=(4)
170 15
fi=(5)
276 5
+21 10
+4 10
+7 20
fi=(55)
102 15
fi=(5)
308 170
cfi=(6)
cfn=(188)
calls=5 790 
* 3296
* 35
+2 15
+25 30
fe=(54)
-77 10
fi=(5)
82 16
+4 24
+14 8
-8 8
+8 16
+20 16
+4 32
-2 16
458 20
fi=(4)
160 17
+14 2
fi=(5)
313 2
-3 4
+3 6
-5 87
fe=(54)
180 3
fi=(5)
308 6
fe=(54)

fl=(37) /build/glibc-OTsEL5/glibc-2.27/io/../sysdeps/unix/sysv/linux/wordsize-64/lxstat.c
fn=(120) open
39 23
fi=(38) /build/glibc-OTsEL5/glibc-2.27/io/../sysdeps/unix/sysv/linux/open64.c
-3 23
+3 138
+8 161
+2 9
-2 42
+2 14
fe=(37)

fl=(52)
fn=(164)
28 8
+2 1
-2 1
+2 1
+92 5
-88 5
+1 2
-1 1
-1 1
+1 4
+1 1
cfi=(28)
cfn=(76)
calls=1 +74 
* 12
* 16
+4 2
+3 1
-3 2
+1 3
+2 1
-7 9
+4 18
+3 9
-3 18
+1 27
+2 9
+12 74
+2 27
+1 18
-1 87
+1 87
+2 315
+1 231
+6 2
-1 1
+1 1
-1 8
cfi=(20)
cfn=(48)
calls=1 +64 
* 10
+2 1
+2 7
+5 1
+3 6
+41 48
cfi=(28)
cfn=(76)
calls=8 -9 
* 111
* 32
-28 148
-36 74
+61 50
-31 7
cfi=(20)
cfn=(48)
calls=1 +45 
* 10
+1 3
+2 1
-2 1
+2 1
+28 1
+7 8

fl=(41) /build/glibc-OTsEL5/glibc-2.27/io/../sysdeps/unix/sysv/linux/wordsize-64/fxstat.c
fn=(130) _fxstat
34 9
-1 9
+1 9
+1 54
+4 9

fl=(39) /build/glibc-OTsEL5/glibc-2.27/io/../sysdeps/unix/sysv/linux/read.c
fn=(124) read
27 32
+1 8

fl=(24)
fn=(114)
2080 140
+8 20
-8 40
+8 20
+1 80
+3 430
+5 714
+2 306
cfi=(36)
cfn=(116)
calls=102 282 
* 10428
* 204
+4 180
+1 270
+3 55
+1 55
+1 55
-1 55
+1 55
cfi=(21)
cfn=(56)
calls=55 144 
* 1807
* 110
2391 180
2125 24
+10 24
-53 8
+89 16
-2 8
+2 8
cfi=(29)
cfn=(84)
calls=8 24 
* 184
* 16
2322 5
cfn=(82) expand_dynamic_string_token
calls=1 320 
* 154
* 1
-2 1
+3 5
+4 9
cfn=(118) open_verify.constprop.7
calls=1 1598 
* 208
+3 2
-3 1
+3 3
+12 3
+46 1
+1 3
-1 1
+1 9
cfn=(126) _dl_map_object_from_fd
calls=1 808 
* 1347
-1 7
+1 21
-1 7
+1 63
cfn=(126)
calls=7 808 
* 11183
* 24
2171 7
+4 14
cfi=(13)
cfn=(28)
calls=7 79 
* 112
* 7
+2 7
-2 7
+2 7
+7 28
+36 84
cfn=(150) open_path
calls=7 1932 
* 2925
+6 14
-6 7
+6 21
601 21
+3 1
2227 1
604 1
2314 14
+28 28
+2 14
610 1
2249 1
-14 1
+14 7
-14 6
+14 6
+2 21
+4 14
cfi=(50)
cfn=(154) _dl_load_cache_lookup
calls=7 187 
* 7963
+2 7
-2 7
+2 7
+4 14
+8 21
+23 70
cfn=(118)
calls=7 1598 
* 1474
+4 14
-4 7
+4 21
+1 14
-88 49
601 21
2219 14
+1 14
-32 7
+1 14
-1 21
+8 49
-3 33
601 33
+3 1
2194 1
604 1
+3 3
+3 23
2208 21
607 3

fn=(126)
808 88
+10 8
-10 8
+10 8
-10 24
+10 8
cfi=(31)
cfn=(92)
calls=8 49 
* 64
fi=(40) /build/glibc-OTsEL5/glibc-2.27/elf/../sysdeps/posix/dl-fileid.h
37 24
fe=(24)
818 8
fi=(40)
37 8
cfi=(41)
cfn=(130)
calls=8 -3 
* 80
* 16
+4 8
fe=(24)
834 8
fi=(40)
40 8
+1 8
fe=(24)
834 180
+1 88
fi=(40)
49 172
fe=(24)
1346 72
852 16
+24 32
+10 16
+22 32
+32 16
819 8
943 56
cfi=(17)
cfn=(38)
calls=8 59 
* 2688
+1 8
-1 8
+1 8
+11 16
+5 8
-5 8
+1 8
+5 8
-5 8
+1 8
+2 8
-2 8
+2 16
+1 24
+20 8
-2 8
+10 8
-8 48
+8 8
-8 24
+8 8
+97 8
982 8
-6 8
1085 8
981 8
-5 16
1085 24
-96 116
-1 372
+1 350
+6 16
+5 16
+1 32
+11 80
+5 128
+9 48
-1 48
+1 16
+1 32
+2 16
-2 16
+1 16
-1 16
+3 16
+4 16
-7 16
+3 16
-1 16
+5 16
+1 32
+5 16
-1 8
-14 8
+14 8
+1 48
+10 8
-10 16
-1 8
-14 8
+14 8
+1 48
+10 8
-44 4
+1 2
+46 6
+4 2
+1 2
+2 2
-1 2
-1 4
+1 2
+3 6
+1 2
+3 2
-3 2
+7 8
+6 2
cfi=(32)
cfn=(162) _dl_next_tls_modid
calls=2 51 
* 12
* 4
+1 2
+19 16
+1 16
+1 8
-6 16
+1 8
+8 32
956 8
1110 8
956 8
1110 8
+10 24
fi=(43) /build/glibc-OTsEL5/glibc-2.27/elf/./dl-map-segments.h
50 8
+6 8
fe=(24)
1120 32
fi=(43)
56 24
fe=(24)
1120 8
fi=(43)
50 8
fe=(24)
1120 16
fi=(43)
56 16
cfi=(42)
cfn=(132)
calls=8 -12 
* 296
+4 8
-4 8
+4 16
+3 16
+1 8
+2 8
-2 8
-1 8
+3 8
+14 16
fi=(45) /build/glibc-OTsEL5/glibc-2.27/elf/./dl-load.h
+10 32
+1 24
+2 32
fi=(43)
+11 64
+45 16
-59 80
+2 48
+2 64
cfi=(42)
cfn=(132)
calls=8 -50 
* 264
* 16
+16 8
+2 8
-2 8
+1 8
+2 8
-1 8
+1 8
-1 24
+8 16
+3 16
+8 56
cfi=(28)
cfn=(76)
calls=8 -22 
* 1169
* 16
+6 16
+4 24
cfi=(42)
cfn=(132)
calls=3 -97 
* 99
+3 6
-71 80
cfi=(44)
cfn=(136)
calls=8 +5 
* 40
* 16
fi=(45)
+21 30
+2 6
-1 18
+1 6
-1 6
+1 12
-1 12
+3 24
fe=(24)
1132 32
+9 16
fi=(3)
42 8
fe=(24)
1141 8
fi=(3)
42 8
+6 8
-2 8
+2 16
+15 8
+5 8
+3 8
-1 8
-3 8
-3 192
+10 44
-26 132
+16 166
+10 166
-26 498
+26 8
-26 24
+2 436
+13 208
+2 32
+16 16
+20 29
+1 32
+1 32
+1 32
+2 32
+5 32
+1 31
+1 32
+6 24
+5 16
+7 16
+1 24
+18 24
+5 5
+2 5
-2 5
+2 5
+2 10
+2 10
+3 24
+10 3
-8 12
+8 3
+5 6
+3 16
fe=(24)
1148 16
+15 24
+19 16
+2 40
+54 24
+1 4
+3 4
cfi=(46) /build/glibc-OTsEL5/glibc-2.27/io/../sysdeps/unix/sysv/linux/close.c
cfn=(142) close
calls=2 27 
* 10
* 12
cfi=(46)
cfn=(142)
calls=6 27 
* 30
* 16
+9 16
+2 24
+2 8
-2 8
+2 8
+16 16
cfi=(6)
cfn=(10)
calls=8 939 
* 184
+4 16
+1 16
+17 16
+1 2
+8 2
-5 6
+5 8
-5 18
+5 6
+10 16
+10 24
cfi=(17)
cfn=(50)
calls=8 31 
* 424
+4 24
fi=(3)
68 32
+3 32
+1 8
+1 32
fe=(24)
369 10

fn=(66)
623 1
+13 2
-13 8
+13 3
cfi=(25) /build/glibc-OTsEL5/glibc-2.27/elf/dl-hwcaps.c
cfn=(68) _dl_important_hwcaps
calls=1 42 
* 711
+5 1
-5 1
+5 1
cfi=(19)
cfn=(46)
calls=1 50 
* 18
* 1
+1 1
-2 1
+2 2
+8 1
-1 1
+1 4
-1 3
+4 4
cfi=(19)
cfn=(46)
calls=1 50 
* 18
* 1
+2 1
-2 2
+2 1
+7 1
+10 1
-11 1
+12 1
+3 1
+1 1
-5 1
+3 1
+1 1
-1 1
+9 1
-20 1
+17 1
+3 1
-3 17
cfi=(28)
cfn=(76)
calls=4 109 
* 48
+3 27
-12 3
-2 3
+10 3
-7 3
-1 3
+4 3
-1 3
+1 3
+1 3
+3 3
+1 3
-4 3
+4 3
+14 1
-11 1
+6 1
+1 1
+5 2
+2 4
+2 3
+38 5
-19 1
-2 2
+2 2
+21 3
cfi=(13)
cfn=(28)
calls=1 79 
* 16
* 8
cfi=(20)
cfn=(48)
calls=1 129 
* 10
* 1
+5 4
-1 2
+2 56
-1 57
+5 1
cfi=(19)
cfn=(46)
calls=1 50 
* 18
* 1
+1 1
-2 1
+2 1
+6 7
cfn=(78) fillin_rpath
calls=1 389 
* 584
+3 3
+6 1
+4 8
-37 2

fn=(78)
389 7
+2 1
-2 9
+4 3
cfi=(19)
cfn=(80)
calls=1 265 
* 238
* 3
cfi=(19)
cfn=(80)
calls=1 265 
* 6
* 6
+7 2
+2 3
cfn=(82)
calls=1 -82 
* 104
+4 1
-4 1
+4 1
+5 2
cfi=(13)
cfn=(28)
calls=1 79 
* 16
+1 2
+7 6
+9 17
+1 8
+57 2
cob=(2)
cfi=(18)
cfn=(88)
calls=1 0 
* 5
* 1
-39 2
+4 7
-1 1
cfi=(19)
cfn=(46)
calls=1 50 
* 18
* 1
+3 3
+5 1
+1 2
-2 2
+2 1
cfi=(20)
cfn=(74)
calls=1 116 
* 12
+3 1
-2 1
-1 1
+1 1
+2 1
+6 4
+1 17
+1 1
-1 3
+1 1
-1 14
+1 8
-1 1
+1 1
-1 3
+1 1
-1 2
+4 1
-1 1
+1 1
-1 1
+1 1
+8 1
-1 1
+4 3
-37 2
-28 1
+5 4
+66 1
+3 9
-15 2

fn=(82)
320 12
+10 4
-10 2
+10 2
cfi=(29)
cfn=(84)
calls=2 24 
* 70
* 4
+15 2
-11 2
+11 8
-11 2
cfi=(30) /build/glibc-OTsEL5/glibc-2.27/string/strdup.c
cfn=(86) strdup
calls=2 40 
* 150

fn=(150)
1932 56
+1 7
+6 7
-6 7
+6 7
+5 77
-7 7
-1 7
+8 49
+3 21
+9 28
+7 21
+1 7
-13 21
+12 7
cfi=(20)
cfn=(74)
calls=7 116 
* 84
* 7
+55 14
-22 42
-32 14
+32 42
-32 28
+3 112
+4 84
cfi=(20)
cfn=(74)
calls=14 116 
* 179
* 56
cfi=(20)
cfn=(74)
calls=14 116 
* 168
+3 28
+3 42
+3 126
cfn=(118)
calls=14 1598 
* 770
* 14
+2 70
+2 16
+89 63
-45 84
-64 84
+85 49
+7 7
-2 7
+2 21
+3 21
-13 14
-38 24
+2 12
-46 12
+25 16
+1 64
+6 16
+2 16
-2 16
+2 16
cfi=(49) /build/glibc-OTsEL5/glibc-2.27/io/../sysdeps/unix/sysv/linux/wordsize-64/xstat.c
cfn=(152) _xstat
calls=8 34 
* 101
* 8
+3 8
-3 8
+1 1
+2 1
-2 1
+2 7
-37 2
+37 7
-37 14

fn=(118)
1598 242
+39 22
-39 66
+39 86
+31 88
cfi=(37)
cfn=(120)
calls=22 39 
* 394
+2 22
-2 22
+2 30
+10 8
+1 16
+5 48
cfi=(39)
cfn=(124)
calls=8 27 
* 40
+2 16
+2 8
+2 8
-2 8
+2 8
+6 16
+16 128
+74 16
+5 16
+2 32
+6 16
+11 16
+6 8
+1 8
+1 8
-2 24
+1 24
+21 286
+2 140
+13 24
+3 32
+1 8
+12 48
-3 78
+15 10
+3 5
+1 15
+1 5
-1 5
-1 5
+3 15
+1 15
1650 14
1918 198
1714 4
1871 48
+3 8
-4 8
+4 16
+5 5
+1 10
-55 6

fl=(93) /build/glibc-OTsEL5/glibc-2.27/elf/../elf/dl-runtime.c
fn=(372) _dl_fixup
66 12
+6 12
-6 6
+3 12
+3 18
-4 6
+5 6
+2 6
-2 30
+2 6
-2 6
+2 6
+5 12
+4 12
+4 6
+7 6
-7 12
+4 12
+1 24
+2 24
+7 12
-1 6
+1 6
+10 54
cfi=(6)
cfn=(188)
calls=6 790 
* 7281
* 6
+4 30
+10 42
+16 6
-8 6
+8 18
+4 18
fi=(5)
+96 6
fe=(93)
-92 18

fl=(17)
fn=(50)
31 18
+2 9
-2 27
+2 18
cfi=(2)
cfn=(52)
calls=9 784 
* 18
+2 91
+3 132
+2 8
+2 8
+4 8
+4 8
-4 16
+1 8
+4 16
-4 8
+1 8
+3 8
-3 8
+2 8
cfi=(2)
cfn=(54)
calls=8 790 
* 16
-4 1
+4 1
-4 2
+1 1
+4 2
-4 1
+1 1
+3 1
-3 1
+2 1
cfi=(2)
cfn=(54)
calls=1 790 
* 2
-5 2

fn=(38)
59 108
+1 9
-1 9
+1 18
cfi=(13)
cfn=(28)
calls=9 +19 
* 162
+6 9
-6 18
+6 9
+7 9
-7 9
-6 9
+6 27
+2 18
+5 27
cfi=(19)
cfn=(42)
calls=9 +19 
* 371
* 9
+3 9
-3 9
+3 9
+4 9
+5 9
-6 9
+6 9
-5 9
+5 9
-5 9
+4 9
+1 18
-1 9
+1 9
cfi=(20)
cfn=(48)
calls=9 +44 
* 101
+10 9
-10 9
+10 9
-10 9
+10 9
-8 9
+8 18
+1 9
-1 9
+1 27
+3 9
-3 9
+3 9
+9 9
-7 9
+4 9
+3 14
+2 2
-2 2
+2 30
-2 30
+18 18
-6 9
+1 9
+5 9
-6 9
+6 27
+2 8
+3 8
-3 16
+3 12
+4 36
+4 17
+8 1
+3 1
+3 2
-3 1
+3 1
-3 8
+3 16
-3 8
+3 8
+2 8
+21 8
-21 8
cfi=(13)
cfn=(28)
calls=8 -76 
* 272
+4 8
-4 16
+17 8
-13 24
+64 8
+4 81
100 26
+39 24
+70 24
cfi=(20)
cfn=(74)
calls=8 -93 
* 144
* 123
+6 115
-1 115
+1 123
-1 8
+1 24
+5 16
-96 1
+7 4
+32 16
cfi=(19)
cfn=(46)
calls=8 50 
* 144
* 8
+1 8
-1 16
+1 8

fl=(92) /build/glibc-OTsEL5/glibc-2.27/elf/../sysdeps/x86_64/dl-trampoline.h
fn=(370) _dl_runtime_resolve_xsave
71 6
+3 6
+2 6
+10 6
+6 6
+1 6
+1 6
+1 6
+1 6
+1 6
+1 6
+4 6
+1 6
+3 6
+1 6
+2 6
+1 6
+1 6
+1 6
+1 6
+1 6
+2 6
+7 6
+1 6
+1 6
cfi=(93)
cfn=(372)
calls=6 -59 
* 7743
+1 6
+5 6
+1 6
+1 6
+2 6
+1 6
+1 6
+1 6
+1 6
+1 6
+1 6
+2 6
+2 6
+4 6
+3 6

fl=(30)
fn=(86)
40 36
+1 9
cfi=(13)
cfn=(28)
calls=9 +38 
* 288
* 9
+1 18
cfi=(19)
cfn=(46)
calls=9 +8 
* 162
* 9
+2 18
+4 9
-1 18
+1 18
-1 18
cfi=(20)
cfn=(48)
calls=9 +82 
* 138

fl=(23)
fn=(64)
78 4
+1 1

fl=(25)
fn=(68)
42 4
+1 1
-1 8
+1 4
-1 1
+1 1
cfi=(9)
cfn=(26)
calls=1 373 
* 18
* 1
+3 3
-3 1
+12 6
+1 3
+1 1
-2 1
+2 1
-2 5
+1 3
+1 1
-2 1
+2 1
-2 5
+10 3
fi=(26) /build/glibc-OTsEL5/glibc-2.27/elf/../sysdeps/unix/sysv/linux/not-errno.h
-37 4
fe=(25)
131 4
-2 1
+17 6
+3 2
329 9
69 3
+77 1
+20 1
-19 1
+36 10
+1 3
-1 2
+1 3
fi=(27) /build/glibc-OTsEL5/glibc-2.27/elf/../sysdeps/x86/dl-hwcap.h
57 6
fe=(25)
186 1
+1 1
cfi=(13)
cfn=(28)
calls=1 79 
* 16
+1 1
-1 1
+1 3
-5 1
+5 1
-5 1
+5 2
-5 5
+8 3
+2 1
+1 6
+4 1
+4 1
-3 1
-1 1
+4 2
+3 4
+4 3
+1 1
-1 5
+1 3
+2 3
+2 2
-1 1
+1 1
-1 1
+2 2
+7 2
+6 11
+1 4
cfi=(19)
cfn=(46)
calls=1 50 
* 18
* 1
+1 1
-1 1
+1 3
+29 13
+3 4
+7 1
+10 12
-4 2
-3 1
+3 1
cfi=(20)
cfn=(74)
calls=1 116 
* 16
* 2
-3 1
+3 1
cfi=(20)
cfn=(74)
calls=1 116 
* 16
* 6
+3 7
+1 12
+1 4
cfi=(20)
cfn=(74)
calls=1 116 
* 14
-2 1
+2 2
-2 1
+5 6
cfi=(20)
cfn=(74)
calls=2 116 
* 28
+2 2
-2 4
+2 5
-7 3
+12 1
+1 2
-1 9
+1 14
-1 18
+5 10
+4 3
-4 12
+4 33
+1 12
-1 12
+1 24
-2 12
+1 24
-1 39
+4 6
+5 1
-2 1
+2 1
-1 1
-1 2
+2 1
-1 1
+1 4
+2 6
+1 2
+3 2
-6 5
+13 8
+1 1
-1 2
+3 2
-3 3
+1 3
-1 6
+3 6
+3 3
+2 2
-15 2
-6 3
-42 2

fl=(46)
fn=(142)
27 36
+1 9

fl=(47)
fn=(144)
27 7
+4 1

fl=(49)
fn=(152)
34 8
-1 8
+1 8
+1 48
+4 1
-4 28

fl=(32)
fn=(278)
887 8
+9 2
-3 4
+8 14
+41 2
+1 2
+1 8

fn=(344)
437 8
+1 1
-1 1
+1 1
+4 1
+6 2
-6 1
+6 1
+12 1
-15 1
+39 1
-24 1
-16 2
+21 9
+6 18
+3 2
+1 4
+6 6
+3 2
-2 2
+6 2
-6 2
+2 2
+4 2
-4 4
+3 2
-3 2
+1 2
+2 2
+4 4
+1 8
+2 4
+1 4
+12 2
-3 2
+3 4
cfi=(20)
cfn=(74)
calls=2 116 
* 25
* 10
cfi=(28)
cfn=(76)
calls=2 109 
* 59
* 14
-42 4
+52 1
+4 3
+3 8

fn=(162)
51 8
+48 2
+4 2

fn=(376) _dl_get_tls_static_info
309 2
+1 2
+1 1

fn=(94)
113 2
+1 2

fn=(176)
141 1
-6 5
+6 2
+3 2
+36 3
+2 4
-2 1
-2 1
-40 1
-1 1
-1 2
+69 4
+3 4
-3 10
+2 4
+4 3
+6 1
-37 2
+25 1
-25 2
+37 1
-37 2
+25 1
-25 3
+2 2
+3 2
-1 2
+5 4
-4 2
-1 4
+3 4
+2 6
-9 5
+93 1
-53 1
+1 1
+52 1
-1 1
+1 4

fn=(178)
332 1
+2 1
-2 2
+13 1
+1 2
cfi=(19)
cfn=(46)
calls=1 50 
* 80
* 1
+1 3
+8 2
-69 1
+69 2
+1 1
+4 297
+19 1
-94 2
+1 2
cfi=(19)
cfn=(42)
calls=1 92 
* 27
* 1
+1 2
+3 1
+6 2
+89 5

fl=(29)
fn=(84)
24 29
+1 29
+1 29
+1 29
+1 29
+1 29
+1 29
+1 29
+1 29
+1 29
+1 29
+1 29
+1 29
+1 29
+1 29
+1 29
+1 29
+1 24
+4 24
+1 24
+1 24
+1 24
+2 24
+4 5
+1 5
+1 5
+1 5
+1 5
+1 5
+1 5
+1 5
+1 5
+1 5
+1 5
+1 5
+1 5
+1 5
+1 5
+1 5
+1 5
+1 5
+1 5
+1 5
+1 5
+1 5
+1 5
+1 5
+52 5
+4 5
+1 5
+1 5
+1 5
+2 5

fl=(13)
fn=(28)
79 44
+1 44
+1 44
+1 44
+1 44
+1 44
+1 44
+2 44
+2 44
+31 44
+1 44
+1 44
+1 44
+1 44
+1 20
+2 20
+4 24
+1 24
+1 24
+1 24
+1 24
+1 24
+1 24
+1 24
+1 24
+1 24
+1 24
+1 24
+5 192

fl=(88)
fn=(354)
79 11
+5 1
-4 1
+1 1
+3 2
+8 4
+1 4
+5 2
+4 6
+2 4
cob=(6) /usr/lib/x86_64-linux-gnu/libasan.so.4.0.0
cfi=(99) ???
cfn=(406) __asan_init
calls=1 0 
* 106925
-74 3
+57 2
-48 1
-3 2
+3 3
+5 3
+5 2
+9 7
cob=(2)
cfi=(18)
cfn=(356)
calls=1 -58 
* 4907
* 1
+3 1
+1 2
+6 1
+2 2
-2 2
+3 9
+1 4
cob=(5)
cfi=(98) /build/glibc-OTsEL5/glibc-2.27/nptl/../sysdeps/unix/sysv/linux/x86/elision-conf.c
cfn=(400) elision_init
calls=1 +35 
* 1971
-1 1
+1 4
cob=(5)
cfi=(97) ???
cfn=(394) 0x0000000000005c80
calls=1 -72 
* 17
-1 9

fl=(50)
fn=(160) _dl_cache_libcmp
141 114
+1 130
+2 1252
+20 610
+2 1122
+4 256
+1 256
-29 512
+32 24
-28 16
+6 8
+2 8
-1 8
-1 16
+1 8
-1 8
+2 24
+2 24
-3 8
+3 8
+2 16
+9 147

fn=(154)
187 63
+8 14
+3 21
+45 30
+6 12
-6 1
+6 2
+11 7
-2 7
fi=(51) /build/glibc-OTsEL5/glibc-2.27/elf/../sysdeps/x86/dl-procinfo.h
39 7
fe=(50)
258 14
fi=(51)
39 21
+3 21
cfi=(21)
cfn=(56)
calls=7 144 
* 168
* 14
fe=(50)
264 28
cfi=(9)
cfn=(26)
calls=7 373 
* 126
* 7
fi=(26)
28 14
fe=(50)
264 7
fi=(26)
28 14
fe=(50)
266 14
fi=(26)
32 21
fe=(50)
270 14
+15 7
-15 7
+15 765
cfn=(160)
calls=49 141 
* 3878
* 328
cfn=(160)
calls=1 141 
* 71
* 42
cfn=(160)
calls=7 141 
* 626
* 51
-84 4
cfi=(36)
cfn=(156) _dl_sysdep_read_whole_file
calls=1 44 
* 107
+8 1
-8 1
+8 4
+1 7
+7 1
-3 1
+3 3
+3 1
+1 2
-1 1
+1 1
+1 8
+63 21
+16 14
+4 14
+8 21
cfi=(13)
cfn=(28)
calls=7 79 
* 238
* 14
+1 7
-1 28
+1 14
cfi=(20)
cfn=(48)
calls=7 129 
* 110
+1 14
cfi=(30)
cfn=(86)
calls=7 40 
* 600
+1 56
-19 14
-27 28
+1 21
-1 49
+15 112
fi=(51)
42 21
fe=(50)
297 3

fn=(348)
326 4
-1 1
+3 2
cfi=(44)
cfn=(350)
calls=1 78 
* 5
+1 1
+2 2

fl=(14)
fn=(30)
32 4
+8 6
+4 2
+16 5

fl=(36)
fn=(156)
44 2
+3 1
-3 3
+3 1
-3 3
+3 1
cfi=(37)
cfn=(120)
calls=1 -8 
* 16
+1 2
+2 5
cfi=(41)
cfn=(130)
calls=1 -16 
* 10
* 2
+2 1
+3 1
-3 1
+3 1
+13 2
cfi=(46)
cfn=(142)
calls=1 -41 
* 5
+3 7
-14 6
cfi=(42)
cfn=(132)
calls=1 -13 
* 35
* 2

fn=(116)
282 2380
+1 952
cfi=(21)
cfn=(56)
calls=476 144 
* 13078
* 476
+1 476
-1 476
+3 476
+2 952
+6 446
+1 2230
-3 470
-4 940
+1 1500
cfi=(21)
cfn=(56)
calls=500 144 
* 14098
* 1000
+6 30
-11 30
+11 120

ob=(3)
fl=(56)
fn=(240)
44 5
+4 2
-1 2
+12 2
+2 5

fn=(216)
44 5
+4 2
-1 2
+12 2
+2 5

fn=(194)
44 10
+4 4
-1 4
+12 4
+2 10

fl=(77)
fn=(274)
42 2
fi=(62) /build/glibc-OTsEL5/glibc-2.27/time/../sysdeps/generic/dl-hash.h
+2 1
+1 1
fe=(77)
-3 3
fi=(62)
+1 1
+5 3
+14 4
-17 3
+3 9
+14 12
-17 9
+22 1
fe=(77)
-25 6
cfi=(63) /build/glibc-OTsEL5/glibc-2.27/elf/../sysdeps/unix/sysv/linux/dl-vdso.c
cfn=(210) _dl_vdso_vsym
calls=1 -17 
* 17
* 5

fl=(73)
fn=(244)
32 4
-2 2
+2 4
-2 4
+5 2
-1 8
fi=(119) /build/glibc-OTsEL5/glibc-2.27/wcsmbs/../sysdeps/x86_64/multiarch/wmemset.c
-3 2
fe=(73)

fl=(67)
fn=(222)
38 4
+1 3
+9 1

fl=(69)
fn=(226)
42 5
+4 2
-1 4
+12 2
+2 5

fl=(61)
fn=(206)
43 2
fi=(62)
+1 1
+1 1
fe=(61)
-2 4
fi=(62)
+5 3
+14 4
-17 3
+3 9
+14 12
-17 9
+22 1
fe=(61)
-24 6
cfi=(63)
cfn=(210)
calls=1 -18 
* 17
* 5

fl=(65)
fn=(218)
33 5
-1 2
+2 2
+1 3
fi=(66) /build/glibc-OTsEL5/glibc-2.27/string/../sysdeps/x86_64/multiarch/memcmp.c
-6 1
fe=(65)

fl=(100) /build/glibc-OTsEL5/glibc-2.27/elf/dl-iteratephdr.c
fn=(1150) dl_iterate_phdr
34 9
+6 1
-6 3
+6 2
cob=(5)
cfi=(101) /build/glibc-OTsEL5/glibc-2.27/nptl/../nptl/pthread_mutex_lock.c
cfn=(1152) pthread_mutex_lock
calls=1 +25 
* 35
+9 1
-4 1
+3 1
+1 3
+14 10
+2 6
+1 2
+5 2
-5 2
+1 4
+1 4
+1 4
+1 4
+2 2
+1 2
-1 2
+1 2
+2 8
cob=(6)
cfi=(99)
cfn=(1154) 0x00000000000de4e0
calls=2 -75 
* 40
+1 5
+6 2
cob=(5)
cfi=(102) /build/glibc-OTsEL5/glibc-2.27/nptl/pthread_mutex_unlock.c
cfn=(1172) pthread_mutex_unlock
calls=1 -44 
* 28
+3 12
-39 2

fl=(57)
fn=(202)
33 4
+3 4
fi=(120) /build/glibc-OTsEL5/glibc-2.27/string/../sysdeps/x86_64/multiarch/strcat.c
-7 1
fe=(57)

fn=(264)
33 4
+3 4
fi=(121) /build/glibc-OTsEL5/glibc-2.27/string/../sysdeps/x86_64/multiarch/stpncpy.c
-5 1
fe=(57)

fn=(266)
33 4
+3 4
fi=(122) /build/glibc-OTsEL5/glibc-2.27/string/../sysdeps/x86_64/multiarch/stpcpy.c
-3 1
fe=(57)

fn=(238)
33 4
+3 4
fi=(123) /build/glibc-OTsEL5/glibc-2.27/string/../sysdeps/x86_64/multiarch/strcpy.c
-7 1
fe=(57)

fn=(196)
33 4
+3 4
fi=(124) /build/glibc-OTsEL5/glibc-2.27/string/../sysdeps/x86_64/multiarch/strncpy.c
-7 1
fe=(57)

fl=(72)
fn=(242)
40 1
-2 1
+2 2
-2 2
+11 1

fl=(63)
fn=(210)
25 10
+1 4
+4 4
+18 12
-21 2
+20 2

fl=(74)
fn=(248)
40 2
-2 1
+2 2
-2 2
+11 1

fl=(70)
fn=(246)
30 5
fi=(125) /build/glibc-OTsEL5/glibc-2.27/string/../sysdeps/x86_64/multiarch/strpbrk.c
-1 1
fe=(70)

fn=(232)
30 5
fi=(126) /build/glibc-OTsEL5/glibc-2.27/string/../sysdeps/x86_64/multiarch/strcspn.c
-1 1
fe=(70)

fn=(262)
30 5
fi=(127) /build/glibc-OTsEL5/glibc-2.27/string/../sysdeps/x86_64/multiarch/strspn.c
-1 1
fe=(70)

fl=(58)
fn=(270)
32 5
fi=(76) /build/glibc-OTsEL5/glibc-2.27/string/../sysdeps/x86_64/multiarch/strncase_l.c
-1 1
fe=(58)

fn=(254)
32 5
fi=(75) /build/glibc-OTsEL5/glibc-2.27/string/../sysdeps/x86_64/multiarch/strcasecmp_l.c
-1 1
fe=(58)

fn=(198)
32 5
fi=(59) /build/glibc-OTsEL5/glibc-2.27/string/../sysdeps/x86_64/multiarch/strcasecmp.c
-1 1
fe=(58)

fn=(234)
32 5
fi=(71) /build/glibc-OTsEL5/glibc-2.27/string/../sysdeps/x86_64/multiarch/strncase.c
-1 1
fe=(58)

fl=(68)
fn=(224)
38 4
+3 4
+6 1

fl=(96) /build/glibc-OTsEL5/glibc-2.27/nptl/register-atfork.c
fn=(390) __register_atfork
85 6
+2 2
-2 1
+2 4
-41 2
+7 2
+1 6
+20 1
-1 1
+1 3
+20 1
+1 1
+1 1
+1 1
+18 2
+1 6
-13 4
+2 2
+1 2
-1 1
+1 3

fl=(95) /build/glibc-OTsEL5/glibc-2.27/nptl/libc_pthread_init.c
fn=(388) __libc_pthread_init
43 1
+2 1
+3 1
-5 1
+5 4
cfi=(96)
cfn=(390)
calls=1 +37 
* 52
* 1
+19 2
+3 3
+1 1
-4 3
+3 156
+1 52
-4 156
+12 1
-6 1
+6 2

fl=(60)
fn=(212)
32 1
-2 1
+2 2
-2 3
fi=(128) /build/glibc-OTsEL5/glibc-2.27/string/../sysdeps/x86_64/multiarch/rawmemchr.c
+1 1
fe=(60)

fn=(204)
32 1
-2 1
+2 2
-2 3
fi=(129) /build/glibc-OTsEL5/glibc-2.27/string/../sysdeps/x86_64/multiarch/strrchr.c
-2 1
fe=(60)

fn=(268)
32 1
-2 1
+2 2
-2 3
fi=(130) /build/glibc-OTsEL5/glibc-2.27/string/../sysdeps/x86_64/multiarch/strchrnul.c
+1 1
fe=(60)

fn=(230)
32 2
-2 2
+2 4
-2 6
fi=(131) /build/glibc-OTsEL5/glibc-2.27/string/../sysdeps/x86_64/multiarch/strnlen.c
+1 2
fe=(60)

fn=(250)
32 1
-2 1
+2 2
-2 3
fi=(132) /build/glibc-OTsEL5/glibc-2.27/string/../sysdeps/x86_64/multiarch/strlen.c
-1 1
fe=(60)

fn=(252)
32 1
-2 1
+2 2
-2 3
fi=(133) /build/glibc-OTsEL5/glibc-2.27/string/../sysdeps/x86_64/multiarch/memrchr.c
-1 1
fe=(60)

fn=(258)
32 1
-2 1
+2 2
-2 3
fi=(134) /build/glibc-OTsEL5/glibc-2.27/string/../sysdeps/x86_64/multiarch/memchr.c
-1 1
fe=(60)

fl=(64)
fn=(214)
32 2
-2 2
+2 4
-2 6
fi=(135) /build/glibc-OTsEL5/glibc-2.27/wcsmbs/../sysdeps/x86_64/multiarch/wmemchr.c
+1 2
fe=(64)

fn=(228)
32 2
-2 2
+2 4
-2 6
fi=(136) /build/glibc-OTsEL5/glibc-2.27/wcsmbs/../sysdeps/x86_64/multiarch/wcschr.c
+1 2
fe=(64)

fn=(260)
32 1
-2 1
+2 2
-2 3
fi=(137) /build/glibc-OTsEL5/glibc-2.27/wcsmbs/../sysdeps/x86_64/multiarch/wcslen.c
-1 1
fe=(64)

fl=(94) /build/glibc-OTsEL5/glibc-2.27/resource/../sysdeps/unix/sysv/linux/getrlimit64.c
fn=(382) getrlimit
37 1
+1 7
+1 1

ob=(5)
fl=(89)
fn=(358)
285 3
+2 1
-2 1
fi=(90) /build/glibc-OTsEL5/glibc-2.27/nptl/../sysdeps/unix/sysv/linux/pthread-pids.h
29 1
fe=(89)
285 3
fi=(90)
29 3
fe=(89)
289 2
+1 1
+4 3
+6 1
+4 1
+4 2
-8 1
+2 1
+6 1
+48 3
+3 1
+1 1
-1 1
fi=(138) /build/glibc-OTsEL5/glibc-2.27/nptl/../include/list.h
44 1
+1 1
+1 1
fe=(89)
364 1
fi=(138)
48 1
fe=(89)
364 5
+12 1
-1 19
-1 1
+2 2
-2 1
+2 1
cfi=(91) /build/glibc-OTsEL5/glibc-2.27/nptl/../sysdeps/unix/sysv/linux/x86_64/sigaction.c
cfn=(362) __libc_sigaction
calls=1 47 
* 51
+5 1
+2 3
-1 1
-1 1
+2 1
cfi=(91)
cfn=(362)
calls=1 47 
* 51
+10 1
+4 1
-4 1
+4 5
+8 3
cob=(1)
cfi=(92)
cfn=(370)
calls=1 71 
* 1867
* 5
+3 4
+2 1
+2 2
+5 2
-5 4
+5 1
cob=(1)
cfi=(92)
cfn=(370)
calls=1 71 
* 1109
* 5
* 2
+1 3
+4 1
+3 3
+4 1
+7 1
-7 1
+1 3
+5 7
+1 3
+1 1
+1 1
-1 1
+2 2
+5 2
+1 2
+1 1
+1 1
+1 3
+3 1
+11 3
-11 1
+3 2
+2 2
+6 1
cob=(1)
cfi=(92)
cfn=(370)
calls=1 71 
* 1653
* 5
-2 1
+6 1
+1 8

fl=(97)
fn=(394)
0 17

fl=(98)
fn=(400)
107 1
+5 1
-5 1
+5 2
-5 3
+5 2
cob=(1)
cfi=(92)
cfn=(370)
calls=1 -41 
* 1850
* 5
+2 4
cob=(1)
cfi=(9)
cfn=(26)
calls=1 373 
* 19
* 1
+2 4
cob=(1)
cfi=(9)
cfn=(26)
calls=1 373 
* 19
* 1
+2 4
cob=(1)
cfi=(9)
cfn=(26)
calls=1 373 
* 19
* 1
+2 4
cob=(1)
cfi=(9)
cfn=(26)
calls=1 373 
* 19
* 1
+4 3
+1 1
+1 6

fl=(102)
fn=(1172)
38 1
344 1
38 1
+1 1
-1 1
+1 2
+4 2
+5 1
+3 1
+3 3
+2 1
346 2
60 2
+6 4
+4 3
+3 2

fl=(91)
fn=(362)
47 10
+4 4
+3 4
-1 2
+1 4
-1 2
+2 2
-1 2
+1 2
+7 2
-7 2
-1 2
+1 2
+2 2
-3 2
+3 2
-3 20
+8 18
+3 4
+8 10
-11 4

fl=(101)
fn=(1152)
65 3
+2 1
+2 2
-5 1
+9 4
+81 1
+3 1
+2 1
+3 1
+2 1
+1 2
-83 2
+11 4
+4 1
+3 2
+13 3
+2 3
+1 2

ob=(6)
fl=(99)
fn=(424) 0x00000000000fe580
0 17

fn=(576) 0x00000000000fcfd0
0 24599

fn=(628) 0x00000000000fcaa0
0 48

fn=(662) 0x00000000000fdc40
0 54
cfn=(596) 0x00000000000fce30
calls=3 0 
0 147
0 282
cfn=(696) 0x00000000000fca20
calls=66 0 
0 787
0 708
cfn=(680) 0x00000000000fc9b0
calls=63 0 
0 55323
0 15
cfn=(680)
calls=3 0 
0 585
0 236
cfn=(436) 0x00000000000f34a0
calls=1 0 
0 491
0 2

fn=(742) 0x00000000000fc910
0 65

fn=(830) 0x00000000000fbaa0
0 18
cfn=(722) 0x00000000000ef1f0
calls=2 0 
0 34
0 16
cfn=(742)
calls=2 0 
0 26
0 6
cfn=(722)
calls=2 0 
0 34
0 40
cfn=(832) 0x00000000000fb570
calls=2 0 
0 110
0 10
cfn=(838) 0x00000000000fb5c0
calls=2 0 
0 110
0 10
cfn=(832)
calls=2 0 
0 110
0 10
cfn=(838)
calls=2 0 
0 110
0 10
cfn=(832)
calls=2 0 
0 110
0 10
cfn=(832)
calls=2 0 
0 110
0 10
cfn=(832)
calls=2 0 
0 110
0 10
cfn=(832)
calls=2 0 
0 110
0 10
cfn=(856) 0x00000000000fb610
calls=2 0 
0 110
0 10
cfn=(838)
calls=2 0 
0 110
0 10
cfn=(832)
calls=2 0 
0 110
0 10
cfn=(832)
calls=2 0 
0 110
0 10
cfn=(856)
calls=2 0 
0 110
0 10
cfn=(832)
calls=2 0 
0 110
0 10
cfn=(832)
calls=2 0 
0 110
0 10
cfn=(832)
calls=2 0 
0 110
0 10
cfn=(832)
calls=2 0 
0 110
0 10
cfn=(832)
calls=2 0 
0 110
0 10
cfn=(832)
calls=2 0 
0 110
0 10
cfn=(832)
calls=2 0 
0 110
0 10
cfn=(832)
calls=2 0 
0 110
0 10
cfn=(832)
calls=2 0 
0 110
0 10
cfn=(832)
calls=2 0 
0 110
0 10
cfn=(832)
calls=2 0 
0 110
0 10
cfn=(832)
calls=2 0 
0 110
0 10
cfn=(894) 0x00000000000fb660
calls=2 0 
0 110
0 10
cfn=(838)
calls=2 0 
0 110
0 10
cfn=(832)
calls=2 0 
0 110
0 10
cfn=(832)
calls=2 0 
0 110
0 10
cfn=(832)
calls=2 0 
0 110
0 10
cfn=(894)
calls=2 0 
0 110
0 10
cfn=(894)
calls=2 0 
0 110
0 10
cfn=(894)
calls=2 0 
0 110
0 10
cfn=(832)
calls=2 0 
0 110
0 10
cfn=(832)
calls=2 0 
0 110
0 10
cfn=(832)
calls=2 0 
0 110
0 10
cfn=(832)
calls=2 0 
0 110
0 10
cfn=(832)
calls=2 0 
0 110
0 10
cfn=(832)
calls=2 0 
0 110
0 10
cfn=(832)
calls=2 0 
0 110
0 10
cfn=(832)
calls=2 0 
0 110
0 10
cfn=(832)
calls=2 0 
0 110
0 10
cfn=(838)
calls=2 0 
0 110
0 10
cfn=(832)
calls=2 0 
0 110
0 10
cfn=(832)
calls=2 0 
0 110
0 10
cfn=(832)
calls=2 0 
0 110
0 10
cfn=(832)
calls=2 0 
0 110
0 10
cfn=(832)
calls=2 0 
0 110
0 10
cfn=(832)
calls=2 0 
0 110
0 10
cfn=(856)
calls=2 0 
0 110
0 10
cfn=(838)
calls=2 0 
0 110
0 10
cfn=(832)
calls=2 0 
0 110
0 10
cfn=(832)
calls=2 0 
0 110
0 10
cfn=(832)
calls=2 0 
0 110
0 10
cfn=(832)
calls=2 0 
0 110
0 10
cfn=(832)
calls=2 0 
0 110
0 10
cfn=(832)
calls=2 0 
0 110
0 10
cfn=(832)
calls=2 0 
0 110
0 10
cfn=(832)
calls=2 0 
0 110
0 10
cfn=(832)
calls=2 0 
0 110
0 10
cfn=(832)
calls=2 0 
0 110
0 10
cfn=(832)
calls=2 0 
0 110
0 10
cfn=(832)
calls=2 0 
0 110
0 10
cfn=(832)
calls=2 0 
0 110
0 10
cfn=(832)
calls=2 0 
0 110
0 10
cfn=(856)
calls=2 0 
0 110
0 10
cfn=(832)
calls=2 0 
0 110
0 10
cfn=(832)
calls=2 0 
0 110
0 10
cfn=(832)
calls=2 0 
0 110
0 10
cfn=(832)
calls=2 0 
0 110
0 10
cfn=(838)
calls=2 0 
0 110
0 38

fn=(1048) 0x00000000000fc8d0
0 26
cfn=(1052) 0x00000000000fc770
calls=2 0 
0 70
0 14

fn=(440) 0x00000000000fe570
0 2

fn=(448) 0x00000000000ffc20
0 44
cfn=(456) 0x00000000000fd950
calls=4 0 
0 20
0 16
cfn=(462) 0x00000000000fd8c0
calls=4 0 
0 16
0 40

fn=(456)
0 20

fn=(478) 0x00000000000ff7c0
0 216
cfn=(484) 0x00000000000fd8e0
calls=8 0 
0 128
0 32
cfn=(462)
calls=8 0 
0 32
0 32
cfn=(494) 0x00000000000f38b0
calls=8 0 
0 32
0 80

fn=(494)
0 32

fn=(738) 0x0000000000035240
0 144
cfn=(722)
calls=12 0 
0 293
0 312

fn=(832)
0 1344
cfn=(722)
calls=112 0 
0 1904
0 2912

fn=(1056) 0x00000000000fc510
0 14
cfn=(1060) 0x00000000000fc4e0
calls=2 0 
0 20
0 6

fn=(1136) 0x00000000000de630
0 6

fn=(1142) 0x00000000000de5a0
0 9
cob=(1)
cfi=(92)
cfn=(370)
calls=1 71 
0 1489
0 5
0 6
cfn=(1178) 0x00000000000fd080
calls=1 0 
0 560
0 5
cfn=(1178)
calls=1 0 
0 602
0 4
cfn=(1216) 0x0000000000101d40
calls=1 0 
0 5513
0 1
cfn=(1424) 0x00000000001084f0
calls=1 0 
0 43

fn=(1408) 0x00000000000ff760
0 4

fn=(472) 0x00000000000ff8b0
0 46
cfn=(548) 0x00000000000fd910
calls=3 0 
0 9
0 9
cfn=(462)
calls=3 0 
0 12
0 23

fn=(680)
0 55908

fn=(696)
0 787

fn=(722)
0 2255
cfn=(478)
calls=4 0 
0 276
0 1242

fn=(754) 0x0000000000035290
0 312
cfn=(722)
calls=26 0 
0 442
0 676

fn=(434) 0x00000000000fe600
0 15
cfn=(436)
calls=1 0 
0 497
0 13
cfn=(576)
calls=1 0 
0 24599
0 3
cfn=(472)
calls=1 0 
0 31
0 2
cfn=(596)
calls=1 0 
0 35
0 1

fn=(436)
0 64
cfn=(448)
calls=2 0 
0 68
0 8
cfn=(448)
calls=2 0 
0 68
0 28
cfn=(472)
calls=4 0 
0 68
0 16
cfn=(478)
calls=4 0 
0 276
0 84
cfn=(508) 0x00000000000ffc90
calls=2 0 
0 68
0 24
cfn=(508)
calls=4 0 
0 136
0 40
cfn=(534) 0x00000000000ffc80
calls=2 0 
0 10
0 10
cfn=(534)
calls=2 0 
0 10
0 5
cfn=(440)
calls=1 0 
0 2
0 3

fn=(596)
0 684

fn=(716) 0x00000000000352e0
0 40

fn=(838)
0 168
cfn=(722)
calls=14 0 
0 238
0 364

fn=(1006) 0x000000000010a170
0 25
cfn=(1008) 0x0000000000109da0
calls=1 0 
0 144
0 4
cfn=(722)
calls=1 0 
0 17
0 8
cfn=(742)
calls=1 0 
0 13
0 3
cfn=(722)
calls=1 0 
0 17
0 8
cfn=(742)
calls=1 0 
0 13
0 5
cfn=(1008)
calls=1 0 
0 55
0 5
cfn=(1008)
calls=1 0 
0 55
0 5
cfn=(1008)
calls=1 0 
0 55
0 5
cfn=(1008)
calls=1 0 
0 55
0 5
cfn=(1008)
calls=1 0 
0 55
0 5
cfn=(1008)
calls=1 0 
0 55
0 5
cfn=(1008)
calls=1 0 
0 55
0 5
cfn=(1008)
calls=1 0 
0 55
0 5
cfn=(1008)
calls=1 0 
0 55
0 6
cfn=(1008)
calls=1 0 
0 55
0 3
cfn=(722)
calls=1 0 
0 17
0 13

fn=(1352) 0x00000000000f3190
0 3
cfn=(596)
calls=1 0 
0 473
0 20
cfn=(1360) 0x00000000000f31b0
calls=1 0 
0 16
0 4
cfn=(1368) 0x00000000000fd990
calls=1 0 
0 8
0 9

fn=(462)
0 84

fn=(534)
0 20

fn=(612) 0x00000000000fce00
0 66

fn=(1008)
0 275
cfn=(722)
calls=11 0 
0 276
0 143

fn=(1224) 0x00000000000fdff0
0 3

fn=(1240) 0x0000000000101390
0 2284
cfn=(1284) 0x00000000001010d0
calls=1 0 
0 133
0 15

fn=(1402) __sanitizer::OnPrint(char const*)
0 1

fn=(1424)
0 43

fn=(510) 0x00000000000fd960
0 48

fn=(720) 0x00000000000fc970
0 16
cfn=(722)
calls=2 0 
0 212
0 6

fn=(1000) 0x000000000010a130
0 15

fn=(1052)
0 10
cfn=(1056)
calls=2 0 
0 40
0 20

fn=(1178)
0 1162

fn=(1230) 0x00000000000f3c20
0 2

fn=(1360)
0 16

fn=(1368)
0 8

fn=(508)
0 36
cfn=(510)
calls=6 0 
0 48
0 24
cfn=(462)
calls=6 0 
0 24
0 72

fn=(548)
0 9

fn=(642) 0x00000000000353b0
0 13
cfn=(644) 0x00000000000fb6b0
calls=1 0 
0 78
0 3
cfn=(650) 0x00000000000fb870
calls=1 0 
0 1008
0 3
cfn=(662)
calls=1 0 
0 19873
0 7
cfn=(650)
calls=1 0 
0 1008
0 2
cfn=(716)
calls=1 0 
0 40
0 2
cfn=(720)
calls=1 0 
0 117
0 5
cfn=(738)
calls=1 0 
0 144
0 5
cfn=(738)
calls=1 0 
0 55
0 5
cfn=(738)
calls=1 0 
0 55
0 5
cfn=(738)
calls=1 0 
0 55
0 5
cfn=(754)
calls=1 0 
0 55
0 5
cfn=(738)
calls=1 0 
0 55
0 5
cfn=(754)
calls=1 0 
0 55
0 5
cfn=(754)
calls=1 0 
0 55
0 5
cfn=(754)
calls=1 0 
0 55
0 5
cfn=(754)
calls=1 0 
0 55
0 5
cfn=(738)
calls=1 0 
0 55
0 5
cfn=(738)
calls=1 0 
0 55
0 5
cfn=(754)
calls=1 0 
0 55
0 5
cfn=(738)
calls=1 0 
0 55
0 5
cfn=(738)
calls=1 0 
0 55
0 5
cfn=(754)
calls=1 0 
0 55
0 5
cfn=(738)
calls=1 0 
0 55
0 5
cfn=(754)
calls=1 0 
0 55
0 5
cfn=(754)
calls=1 0 
0 55
0 5
cfn=(754)
calls=1 0 
0 55
0 5
cfn=(754)
calls=1 0 
0 55
0 5
cfn=(754)
calls=1 0 
0 55
0 5
cfn=(754)
calls=1 0 
0 55
0 5
cfn=(754)
calls=1 0 
0 55
0 5
cfn=(754)
calls=1 0 
0 55
0 5
cfn=(754)
calls=1 0 
0 55
0 5
cfn=(754)
calls=1 0 
0 55
0 5
cfn=(754)
calls=1 0 
0 55
0 5
cfn=(754)
calls=1 0 
0 55
0 5
cfn=(754)
calls=1 0 
0 55
0 5
cfn=(754)
calls=1 0 
0 55
0 5
cfn=(754)
calls=1 0 
0 55
0 5
cfn=(738)
calls=1 0 
0 55
0 5
cfn=(754)
calls=1 0 
0 55
0 5
cfn=(738)
calls=1 0 
0 55
0 5
cfn=(754)
calls=1 0 
0 55
0 3
cfn=(722)
calls=1 0 
0 17
0 9
cfn=(742)
calls=1 0 
0 13
0 5
cfn=(754)
calls=1 0 
0 55
0 5
cfn=(754)
calls=1 0 
0 55
0 3
cfn=(830)
calls=1 0 
0 4361
0 3
cfn=(1000)
calls=1 0 
0 15
0 2
cfn=(720)
calls=1 0 
0 117
0 3
cfn=(1006)
calls=1 0 
0 886
0 3
cfn=(830)
calls=1 0 
0 4361
0 3
cfn=(1048)
calls=1 0 
0 52
0 5
cfn=(1048)
calls=1 0 
0 52
0 2
cfn=(662)
calls=1 0 
0 19348
0 3
cfn=(1048)
calls=1 0 
0 3
0 2
cfn=(662)
calls=1 0 
0 19409
0 3
cfn=(1048)
calls=1 0 
0 3
0 2
cfn=(1100) 0x00000000000fc250
calls=1 0 
0 6
0 48

fn=(894)
0 96
cfn=(722)
calls=8 0 
0 136
0 208

fn=(1216)
0 21
cfn=(1220) 0x0000000000101a10
calls=1 0 
0 5487
0 5

fn=(1220)
0 24
cfn=(1224)
calls=1 0 
0 3
0 2
cfn=(1230)
calls=1 0 
0 2
0 7
cfn=(1240)
calls=1 0 
0 2128
0 5
cfn=(1352)
calls=1 0 
0 533
0 2
cfn=(1382) 0x00000000000f36d0
calls=1 0 
0 1726
0 2
cob=(1)
cfi=(92)
cfn=(370)
calls=1 71 
0 686
0 5
0 5
cfn=(1408)
calls=1 0 
0 4
0 19
cfn=(1236) 0x0000000000101960
calls=1 0 
0 326
0 8

fn=(1236)
0 17
cfn=(1240)
calls=1 0 
0 304
0 5

fn=(406)
0 19
cfn=(418) 0x00000000000f3c40
calls=1 0 
0 25393
0 1
cfn=(642)
calls=1 0 
0 73260
0 1
cfn=(1136)
calls=1 0 
0 6
0 1
cfn=(1142)
calls=1 0 
0 8237
0 2
cfn=(408) 0x0000000000020f40
calls=1 0 
0 3
0 2

fn=(408)
0 3

fn=(418)
0 6
cfn=(434)
calls=1 0 
0 25196
0 3
cfn=(612)
calls=1 0 
0 66
0 6
cfn=(596)
calls=1 0 
0 29
0 7
cfn=(628)
calls=1 0 
0 48
0 10
cfn=(424)
calls=1 0 
0 17
0 5

fn=(644)
0 78

fn=(1060)
0 20

fn=(1100)
0 6

fn=(1154)
0 21
cfn=(1162) 0x00000000000fcd20
calls=1 0 
0 10
0 9

fn=(1382)
0 1726

fn=(484)
0 128

fn=(650)
0 2016

fn=(856)
0 96
cfn=(722)
calls=8 0 
0 136
0 208

fn=(1162)
0 10

fn=(1284)
0 133

totals: 836425
